4225
(0, 0, 0)
(1, 0, 9)
(2, 0, 18)
(3, 0, 27)
(4, 0, 36)
(5, 0, 45)
(6, 0, 54)
(7, 0, 63)
(8, 0, 72)
(9, 0, 81)
(10, 0, 90)
(11, 0, 99)
(12, 0, 108)
(13, 0, 117)
(14, 0, 126)
(15, 0, 135)
(16, 0, 144)
(17, 0, 153)
(18, 0, 162)
(19, 0, 171)
(20, 0, 180)
(21, 0, 189)
(22, 0, 198)
(23, 0, 207)
(24, 0, 216)
(25, 0, 225)
(26, 0, 234)
(27, 0, 243)
(28, 0, 252)
(29, 0, 261)
(30, 0, 270)
(31, 0, 279)
(32, 0, 288)
(33, 0, 297)
(34, 0, 306)
(35, 0, 315)
(36, 0, 324)
(37, 0, 333)
(38, 0, 342)
(39, 0, 351)
(40, 0, 360)
(41, 0, 369)
(42, 0, 378)
(43, 0, 387)
(44, 0, 396)
(45, 0, 405)
(46, 0, 414)
(47, 0, 423)
(48, 0, 432)
(49, 0, 441)
(50, 0, 450)
(51, 0, 459)
(52, 0, 468)
(53, 0, 477)
(54, 0, 486)
(55, 0, 495)
(56, 0, 504)
(57, 0, 513)
(58, 0, 522)
(59, 0, 531)
(60, 0, 540)
(61, 0, 549)
(62, 0, 558)
(63, 0, 567)
(64, 0, 576)
(65, 9, 0)
(66, 9, 9)
(67, 9, 18)
(68, 9, 27)
(69, 9, 36)
(70, 9, 45)
(71, 9, 54)
(72, 9, 63)
(73, 9, 72)
(74, 9, 81)
(75, 9, 90)
(76, 9, 99)
(77, 9, 108)
(78, 9, 117)
(79, 9, 126)
(80, 9, 135)
(81, 9, 144)
(82, 9, 153)
(83, 9, 162)
(84, 9, 171)
(85, 9, 180)
(86, 9, 189)
(87, 9, 198)
(88, 9, 207)
(89, 9, 216)
(90, 9, 225)
(91, 9, 234)
(92, 9, 243)
(93, 9, 252)
(94, 9, 261)
(95, 9, 270)
(96, 9, 279)
(97, 9, 288)
(98, 9, 297)
(99, 9, 306)
(100, 9, 315)
(101, 9, 324)
(102, 9, 333)
(103, 9, 342)
(104, 9, 351)
(105, 9, 360)
(106, 9, 369)
(107, 9, 378)
(108, 9, 387)
(109, 9, 396)
(110, 9, 405)
(111, 9, 414)
(112, 9, 423)
(113, 9, 432)
(114, 9, 441)
(115, 9, 450)
(116, 9, 459)
(117, 9, 468)
(118, 9, 477)
(119, 9, 486)
(120, 9, 495)
(121, 9, 504)
(122, 9, 513)
(123, 9, 522)
(124, 9, 531)
(125, 9, 540)
(126, 9, 549)
(127, 9, 558)
(128, 9, 567)
(129, 9, 576)
(130, 18, 0)
(131, 18, 9)
(132, 18, 18)
(133, 18, 27)
(134, 18, 36)
(135, 18, 45)
(136, 18, 54)
(137, 18, 63)
(138, 18, 72)
(139, 18, 81)
(140, 18, 90)
(141, 18, 99)
(142, 18, 108)
(143, 18, 117)
(144, 18, 126)
(145, 18, 135)
(146, 18, 144)
(147, 18, 153)
(148, 18, 162)
(149, 18, 171)
(150, 18, 180)
(151, 18, 189)
(152, 18, 198)
(153, 18, 207)
(154, 18, 216)
(155, 18, 225)
(156, 18, 234)
(157, 18, 243)
(158, 18, 252)
(159, 18, 261)
(160, 18, 270)
(161, 18, 279)
(162, 18, 288)
(163, 18, 297)
(164, 18, 306)
(165, 18, 315)
(166, 18, 324)
(167, 18, 333)
(168, 18, 342)
(169, 18, 351)
(170, 18, 360)
(171, 18, 369)
(172, 18, 378)
(173, 18, 387)
(174, 18, 396)
(175, 18, 405)
(176, 18, 414)
(177, 18, 423)
(178, 18, 432)
(179, 18, 441)
(180, 18, 450)
(181, 18, 459)
(182, 18, 468)
(183, 18, 477)
(184, 18, 486)
(185, 18, 495)
(186, 18, 504)
(187, 18, 513)
(188, 18, 522)
(189, 18, 531)
(190, 18, 540)
(191, 18, 549)
(192, 18, 558)
(193, 18, 567)
(194, 18, 576)
(195, 27, 0)
(196, 27, 9)
(197, 27, 18)
(198, 27, 27)
(199, 27, 36)
(200, 27, 45)
(201, 27, 54)
(202, 27, 63)
(203, 27, 72)
(204, 27, 81)
(205, 27, 90)
(206, 27, 99)
(207, 27, 108)
(208, 27, 117)
(209, 27, 126)
(210, 27, 135)
(211, 27, 144)
(212, 27, 153)
(213, 27, 162)
(214, 27, 171)
(215, 27, 180)
(216, 27, 189)
(217, 27, 198)
(218, 27, 207)
(219, 27, 216)
(220, 27, 225)
(221, 27, 234)
(222, 27, 243)
(223, 27, 252)
(224, 27, 261)
(225, 27, 270)
(226, 27, 279)
(227, 27, 288)
(228, 27, 297)
(229, 27, 306)
(230, 27, 315)
(231, 27, 324)
(232, 27, 333)
(233, 27, 342)
(234, 27, 351)
(235, 27, 360)
(236, 27, 369)
(237, 27, 378)
(238, 27, 387)
(239, 27, 396)
(240, 27, 405)
(241, 27, 414)
(242, 27, 423)
(243, 27, 432)
(244, 27, 441)
(245, 27, 450)
(246, 27, 459)
(247, 27, 468)
(248, 27, 477)
(249, 27, 486)
(250, 27, 495)
(251, 27, 504)
(252, 27, 513)
(253, 27, 522)
(254, 27, 531)
(255, 27, 540)
(256, 27, 549)
(257, 27, 558)
(258, 27, 567)
(259, 27, 576)
(260, 36, 0)
(261, 36, 9)
(262, 36, 18)
(263, 36, 27)
(264, 36, 36)
(265, 36, 45)
(266, 36, 54)
(267, 36, 63)
(268, 36, 72)
(269, 36, 81)
(270, 36, 90)
(271, 36, 99)
(272, 36, 108)
(273, 36, 117)
(274, 36, 126)
(275, 36, 135)
(276, 36, 144)
(277, 36, 153)
(278, 36, 162)
(279, 36, 171)
(280, 36, 180)
(281, 36, 189)
(282, 36, 198)
(283, 36, 207)
(284, 36, 216)
(285, 36, 225)
(286, 36, 234)
(287, 36, 243)
(288, 36, 252)
(289, 36, 261)
(290, 36, 270)
(291, 36, 279)
(292, 36, 288)
(293, 36, 297)
(294, 36, 306)
(295, 36, 315)
(296, 36, 324)
(297, 36, 333)
(298, 36, 342)
(299, 36, 351)
(300, 36, 360)
(301, 36, 369)
(302, 36, 378)
(303, 36, 387)
(304, 36, 396)
(305, 36, 405)
(306, 36, 414)
(307, 36, 423)
(308, 36, 432)
(309, 36, 441)
(310, 36, 450)
(311, 36, 459)
(312, 36, 468)
(313, 36, 477)
(314, 36, 486)
(315, 36, 495)
(316, 36, 504)
(317, 36, 513)
(318, 36, 522)
(319, 36, 531)
(320, 36, 540)
(321, 36, 549)
(322, 36, 558)
(323, 36, 567)
(324, 36, 576)
(325, 45, 0)
(326, 45, 9)
(327, 45, 18)
(328, 45, 27)
(329, 45, 36)
(330, 45, 45)
(331, 45, 54)
(332, 45, 63)
(333, 45, 72)
(334, 45, 81)
(335, 45, 90)
(336, 45, 99)
(337, 45, 108)
(338, 45, 117)
(339, 45, 126)
(340, 45, 135)
(341, 45, 144)
(342, 45, 153)
(343, 45, 162)
(344, 45, 171)
(345, 45, 180)
(346, 45, 189)
(347, 45, 198)
(348, 45, 207)
(349, 45, 216)
(350, 45, 225)
(351, 45, 234)
(352, 45, 243)
(353, 45, 252)
(354, 45, 261)
(355, 45, 270)
(356, 45, 279)
(357, 45, 288)
(358, 45, 297)
(359, 45, 306)
(360, 45, 315)
(361, 45, 324)
(362, 45, 333)
(363, 45, 342)
(364, 45, 351)
(365, 45, 360)
(366, 45, 369)
(367, 45, 378)
(368, 45, 387)
(369, 45, 396)
(370, 45, 405)
(371, 45, 414)
(372, 45, 423)
(373, 45, 432)
(374, 45, 441)
(375, 45, 450)
(376, 45, 459)
(377, 45, 468)
(378, 45, 477)
(379, 45, 486)
(380, 45, 495)
(381, 45, 504)
(382, 45, 513)
(383, 45, 522)
(384, 45, 531)
(385, 45, 540)
(386, 45, 549)
(387, 45, 558)
(388, 45, 567)
(389, 45, 576)
(390, 54, 0)
(391, 54, 9)
(392, 54, 18)
(393, 54, 27)
(394, 54, 36)
(395, 54, 45)
(396, 54, 54)
(397, 54, 63)
(398, 54, 72)
(399, 54, 81)
(400, 54, 90)
(401, 54, 99)
(402, 54, 108)
(403, 54, 117)
(404, 54, 126)
(405, 54, 135)
(406, 54, 144)
(407, 54, 153)
(408, 54, 162)
(409, 54, 171)
(410, 54, 180)
(411, 54, 189)
(412, 54, 198)
(413, 54, 207)
(414, 54, 216)
(415, 54, 225)
(416, 54, 234)
(417, 54, 243)
(418, 54, 252)
(419, 54, 261)
(420, 54, 270)
(421, 54, 279)
(422, 54, 288)
(423, 54, 297)
(424, 54, 306)
(425, 54, 315)
(426, 54, 324)
(427, 54, 333)
(428, 54, 342)
(429, 54, 351)
(430, 54, 360)
(431, 54, 369)
(432, 54, 378)
(433, 54, 387)
(434, 54, 396)
(435, 54, 405)
(436, 54, 414)
(437, 54, 423)
(438, 54, 432)
(439, 54, 441)
(440, 54, 450)
(441, 54, 459)
(442, 54, 468)
(443, 54, 477)
(444, 54, 486)
(445, 54, 495)
(446, 54, 504)
(447, 54, 513)
(448, 54, 522)
(449, 54, 531)
(450, 54, 540)
(451, 54, 549)
(452, 54, 558)
(453, 54, 567)
(454, 54, 576)
(455, 63, 0)
(456, 63, 9)
(457, 63, 18)
(458, 63, 27)
(459, 63, 36)
(460, 63, 45)
(461, 63, 54)
(462, 63, 63)
(463, 63, 72)
(464, 63, 81)
(465, 63, 90)
(466, 63, 99)
(467, 63, 108)
(468, 63, 117)
(469, 63, 126)
(470, 63, 135)
(471, 63, 144)
(472, 63, 153)
(473, 63, 162)
(474, 63, 171)
(475, 63, 180)
(476, 63, 189)
(477, 63, 198)
(478, 63, 207)
(479, 63, 216)
(480, 63, 225)
(481, 63, 234)
(482, 63, 243)
(483, 63, 252)
(484, 63, 261)
(485, 63, 270)
(486, 63, 279)
(487, 63, 288)
(488, 63, 297)
(489, 63, 306)
(490, 63, 315)
(491, 63, 324)
(492, 63, 333)
(493, 63, 342)
(494, 63, 351)
(495, 63, 360)
(496, 63, 369)
(497, 63, 378)
(498, 63, 387)
(499, 63, 396)
(500, 63, 405)
(501, 63, 414)
(502, 63, 423)
(503, 63, 432)
(504, 63, 441)
(505, 63, 450)
(506, 63, 459)
(507, 63, 468)
(508, 63, 477)
(509, 63, 486)
(510, 63, 495)
(511, 63, 504)
(512, 63, 513)
(513, 63, 522)
(514, 63, 531)
(515, 63, 540)
(516, 63, 549)
(517, 63, 558)
(518, 63, 567)
(519, 63, 576)
(520, 72, 0)
(521, 72, 9)
(522, 72, 18)
(523, 72, 27)
(524, 72, 36)
(525, 72, 45)
(526, 72, 54)
(527, 72, 63)
(528, 72, 72)
(529, 72, 81)
(530, 72, 90)
(531, 72, 99)
(532, 72, 108)
(533, 72, 117)
(534, 72, 126)
(535, 72, 135)
(536, 72, 144)
(537, 72, 153)
(538, 72, 162)
(539, 72, 171)
(540, 72, 180)
(541, 72, 189)
(542, 72, 198)
(543, 72, 207)
(544, 72, 216)
(545, 72, 225)
(546, 72, 234)
(547, 72, 243)
(548, 72, 252)
(549, 72, 261)
(550, 72, 270)
(551, 72, 279)
(552, 72, 288)
(553, 72, 297)
(554, 72, 306)
(555, 72, 315)
(556, 72, 324)
(557, 72, 333)
(558, 72, 342)
(559, 72, 351)
(560, 72, 360)
(561, 72, 369)
(562, 72, 378)
(563, 72, 387)
(564, 72, 396)
(565, 72, 405)
(566, 72, 414)
(567, 72, 423)
(568, 72, 432)
(569, 72, 441)
(570, 72, 450)
(571, 72, 459)
(572, 72, 468)
(573, 72, 477)
(574, 72, 486)
(575, 72, 495)
(576, 72, 504)
(577, 72, 513)
(578, 72, 522)
(579, 72, 531)
(580, 72, 540)
(581, 72, 549)
(582, 72, 558)
(583, 72, 567)
(584, 72, 576)
(585, 81, 0)
(586, 81, 9)
(587, 81, 18)
(588, 81, 27)
(589, 81, 36)
(590, 81, 45)
(591, 81, 54)
(592, 81, 63)
(593, 81, 72)
(594, 81, 81)
(595, 81, 90)
(596, 81, 99)
(597, 81, 108)
(598, 81, 117)
(599, 81, 126)
(600, 81, 135)
(601, 81, 144)
(602, 81, 153)
(603, 81, 162)
(604, 81, 171)
(605, 81, 180)
(606, 81, 189)
(607, 81, 198)
(608, 81, 207)
(609, 81, 216)
(610, 81, 225)
(611, 81, 234)
(612, 81, 243)
(613, 81, 252)
(614, 81, 261)
(615, 81, 270)
(616, 81, 279)
(617, 81, 288)
(618, 81, 297)
(619, 81, 306)
(620, 81, 315)
(621, 81, 324)
(622, 81, 333)
(623, 81, 342)
(624, 81, 351)
(625, 81, 360)
(626, 81, 369)
(627, 81, 378)
(628, 81, 387)
(629, 81, 396)
(630, 81, 405)
(631, 81, 414)
(632, 81, 423)
(633, 81, 432)
(634, 81, 441)
(635, 81, 450)
(636, 81, 459)
(637, 81, 468)
(638, 81, 477)
(639, 81, 486)
(640, 81, 495)
(641, 81, 504)
(642, 81, 513)
(643, 81, 522)
(644, 81, 531)
(645, 81, 540)
(646, 81, 549)
(647, 81, 558)
(648, 81, 567)
(649, 81, 576)
(650, 90, 0)
(651, 90, 9)
(652, 90, 18)
(653, 90, 27)
(654, 90, 36)
(655, 90, 45)
(656, 90, 54)
(657, 90, 63)
(658, 90, 72)
(659, 90, 81)
(660, 90, 90)
(661, 90, 99)
(662, 90, 108)
(663, 90, 117)
(664, 90, 126)
(665, 90, 135)
(666, 90, 144)
(667, 90, 153)
(668, 90, 162)
(669, 90, 171)
(670, 90, 180)
(671, 90, 189)
(672, 90, 198)
(673, 90, 207)
(674, 90, 216)
(675, 90, 225)
(676, 90, 234)
(677, 90, 243)
(678, 90, 252)
(679, 90, 261)
(680, 90, 270)
(681, 90, 279)
(682, 90, 288)
(683, 90, 297)
(684, 90, 306)
(685, 90, 315)
(686, 90, 324)
(687, 90, 333)
(688, 90, 342)
(689, 90, 351)
(690, 90, 360)
(691, 90, 369)
(692, 90, 378)
(693, 90, 387)
(694, 90, 396)
(695, 90, 405)
(696, 90, 414)
(697, 90, 423)
(698, 90, 432)
(699, 90, 441)
(700, 90, 450)
(701, 90, 459)
(702, 90, 468)
(703, 90, 477)
(704, 90, 486)
(705, 90, 495)
(706, 90, 504)
(707, 90, 513)
(708, 90, 522)
(709, 90, 531)
(710, 90, 540)
(711, 90, 549)
(712, 90, 558)
(713, 90, 567)
(714, 90, 576)
(715, 99, 0)
(716, 99, 9)
(717, 99, 18)
(718, 99, 27)
(719, 99, 36)
(720, 99, 45)
(721, 99, 54)
(722, 99, 63)
(723, 99, 72)
(724, 99, 81)
(725, 99, 90)
(726, 99, 99)
(727, 99, 108)
(728, 99, 117)
(729, 99, 126)
(730, 99, 135)
(731, 99, 144)
(732, 99, 153)
(733, 99, 162)
(734, 99, 171)
(735, 99, 180)
(736, 99, 189)
(737, 99, 198)
(738, 99, 207)
(739, 99, 216)
(740, 99, 225)
(741, 99, 234)
(742, 99, 243)
(743, 99, 252)
(744, 99, 261)
(745, 99, 270)
(746, 99, 279)
(747, 99, 288)
(748, 99, 297)
(749, 99, 306)
(750, 99, 315)
(751, 99, 324)
(752, 99, 333)
(753, 99, 342)
(754, 99, 351)
(755, 99, 360)
(756, 99, 369)
(757, 99, 378)
(758, 99, 387)
(759, 99, 396)
(760, 99, 405)
(761, 99, 414)
(762, 99, 423)
(763, 99, 432)
(764, 99, 441)
(765, 99, 450)
(766, 99, 459)
(767, 99, 468)
(768, 99, 477)
(769, 99, 486)
(770, 99, 495)
(771, 99, 504)
(772, 99, 513)
(773, 99, 522)
(774, 99, 531)
(775, 99, 540)
(776, 99, 549)
(777, 99, 558)
(778, 99, 567)
(779, 99, 576)
(780, 108, 0)
(781, 108, 9)
(782, 108, 18)
(783, 108, 27)
(784, 108, 36)
(785, 108, 45)
(786, 108, 54)
(787, 108, 63)
(788, 108, 72)
(789, 108, 81)
(790, 108, 90)
(791, 108, 99)
(792, 108, 108)
(793, 108, 117)
(794, 108, 126)
(795, 108, 135)
(796, 108, 144)
(797, 108, 153)
(798, 108, 162)
(799, 108, 171)
(800, 108, 180)
(801, 108, 189)
(802, 108, 198)
(803, 108, 207)
(804, 108, 216)
(805, 108, 225)
(806, 108, 234)
(807, 108, 243)
(808, 108, 252)
(809, 108, 261)
(810, 108, 270)
(811, 108, 279)
(812, 108, 288)
(813, 108, 297)
(814, 108, 306)
(815, 108, 315)
(816, 108, 324)
(817, 108, 333)
(818, 108, 342)
(819, 108, 351)
(820, 108, 360)
(821, 108, 369)
(822, 108, 378)
(823, 108, 387)
(824, 108, 396)
(825, 108, 405)
(826, 108, 414)
(827, 108, 423)
(828, 108, 432)
(829, 108, 441)
(830, 108, 450)
(831, 108, 459)
(832, 108, 468)
(833, 108, 477)
(834, 108, 486)
(835, 108, 495)
(836, 108, 504)
(837, 108, 513)
(838, 108, 522)
(839, 108, 531)
(840, 108, 540)
(841, 108, 549)
(842, 108, 558)
(843, 108, 567)
(844, 108, 576)
(845, 117, 0)
(846, 117, 9)
(847, 117, 18)
(848, 117, 27)
(849, 117, 36)
(850, 117, 45)
(851, 117, 54)
(852, 117, 63)
(853, 117, 72)
(854, 117, 81)
(855, 117, 90)
(856, 117, 99)
(857, 117, 108)
(858, 117, 117)
(859, 117, 126)
(860, 117, 135)
(861, 117, 144)
(862, 117, 153)
(863, 117, 162)
(864, 117, 171)
(865, 117, 180)
(866, 117, 189)
(867, 117, 198)
(868, 117, 207)
(869, 117, 216)
(870, 117, 225)
(871, 117, 234)
(872, 117, 243)
(873, 117, 252)
(874, 117, 261)
(875, 117, 270)
(876, 117, 279)
(877, 117, 288)
(878, 117, 297)
(879, 117, 306)
(880, 117, 315)
(881, 117, 324)
(882, 117, 333)
(883, 117, 342)
(884, 117, 351)
(885, 117, 360)
(886, 117, 369)
(887, 117, 378)
(888, 117, 387)
(889, 117, 396)
(890, 117, 405)
(891, 117, 414)
(892, 117, 423)
(893, 117, 432)
(894, 117, 441)
(895, 117, 450)
(896, 117, 459)
(897, 117, 468)
(898, 117, 477)
(899, 117, 486)
(900, 117, 495)
(901, 117, 504)
(902, 117, 513)
(903, 117, 522)
(904, 117, 531)
(905, 117, 540)
(906, 117, 549)
(907, 117, 558)
(908, 117, 567)
(909, 117, 576)
(910, 126, 0)
(911, 126, 9)
(912, 126, 18)
(913, 126, 27)
(914, 126, 36)
(915, 126, 45)
(916, 126, 54)
(917, 126, 63)
(918, 126, 72)
(919, 126, 81)
(920, 126, 90)
(921, 126, 99)
(922, 126, 108)
(923, 126, 117)
(924, 126, 126)
(925, 126, 135)
(926, 126, 144)
(927, 126, 153)
(928, 126, 162)
(929, 126, 171)
(930, 126, 180)
(931, 126, 189)
(932, 126, 198)
(933, 126, 207)
(934, 126, 216)
(935, 126, 225)
(936, 126, 234)
(937, 126, 243)
(938, 126, 252)
(939, 126, 261)
(940, 126, 270)
(941, 126, 279)
(942, 126, 288)
(943, 126, 297)
(944, 126, 306)
(945, 126, 315)
(946, 126, 324)
(947, 126, 333)
(948, 126, 342)
(949, 126, 351)
(950, 126, 360)
(951, 126, 369)
(952, 126, 378)
(953, 126, 387)
(954, 126, 396)
(955, 126, 405)
(956, 126, 414)
(957, 126, 423)
(958, 126, 432)
(959, 126, 441)
(960, 126, 450)
(961, 126, 459)
(962, 126, 468)
(963, 126, 477)
(964, 126, 486)
(965, 126, 495)
(966, 126, 504)
(967, 126, 513)
(968, 126, 522)
(969, 126, 531)
(970, 126, 540)
(971, 126, 549)
(972, 126, 558)
(973, 126, 567)
(974, 126, 576)
(975, 135, 0)
(976, 135, 9)
(977, 135, 18)
(978, 135, 27)
(979, 135, 36)
(980, 135, 45)
(981, 135, 54)
(982, 135, 63)
(983, 135, 72)
(984, 135, 81)
(985, 135, 90)
(986, 135, 99)
(987, 135, 108)
(988, 135, 117)
(989, 135, 126)
(990, 135, 135)
(991, 135, 144)
(992, 135, 153)
(993, 135, 162)
(994, 135, 171)
(995, 135, 180)
(996, 135, 189)
(997, 135, 198)
(998, 135, 207)
(999, 135, 216)
(1000, 135, 225)
(1001, 135, 234)
(1002, 135, 243)
(1003, 135, 252)
(1004, 135, 261)
(1005, 135, 270)
(1006, 135, 279)
(1007, 135, 288)
(1008, 135, 297)
(1009, 135, 306)
(1010, 135, 315)
(1011, 135, 324)
(1012, 135, 333)
(1013, 135, 342)
(1014, 135, 351)
(1015, 135, 360)
(1016, 135, 369)
(1017, 135, 378)
(1018, 135, 387)
(1019, 135, 396)
(1020, 135, 405)
(1021, 135, 414)
(1022, 135, 423)
(1023, 135, 432)
(1024, 135, 441)
(1025, 135, 450)
(1026, 135, 459)
(1027, 135, 468)
(1028, 135, 477)
(1029, 135, 486)
(1030, 135, 495)
(1031, 135, 504)
(1032, 135, 513)
(1033, 135, 522)
(1034, 135, 531)
(1035, 135, 540)
(1036, 135, 549)
(1037, 135, 558)
(1038, 135, 567)
(1039, 135, 576)
(1040, 144, 0)
(1041, 144, 9)
(1042, 144, 18)
(1043, 144, 27)
(1044, 144, 36)
(1045, 144, 45)
(1046, 144, 54)
(1047, 144, 63)
(1048, 144, 72)
(1049, 144, 81)
(1050, 144, 90)
(1051, 144, 99)
(1052, 144, 108)
(1053, 144, 117)
(1054, 144, 126)
(1055, 144, 135)
(1056, 144, 144)
(1057, 144, 153)
(1058, 144, 162)
(1059, 144, 171)
(1060, 144, 180)
(1061, 144, 189)
(1062, 144, 198)
(1063, 144, 207)
(1064, 144, 216)
(1065, 144, 225)
(1066, 144, 234)
(1067, 144, 243)
(1068, 144, 252)
(1069, 144, 261)
(1070, 144, 270)
(1071, 144, 279)
(1072, 144, 288)
(1073, 144, 297)
(1074, 144, 306)
(1075, 144, 315)
(1076, 144, 324)
(1077, 144, 333)
(1078, 144, 342)
(1079, 144, 351)
(1080, 144, 360)
(1081, 144, 369)
(1082, 144, 378)
(1083, 144, 387)
(1084, 144, 396)
(1085, 144, 405)
(1086, 144, 414)
(1087, 144, 423)
(1088, 144, 432)
(1089, 144, 441)
(1090, 144, 450)
(1091, 144, 459)
(1092, 144, 468)
(1093, 144, 477)
(1094, 144, 486)
(1095, 144, 495)
(1096, 144, 504)
(1097, 144, 513)
(1098, 144, 522)
(1099, 144, 531)
(1100, 144, 540)
(1101, 144, 549)
(1102, 144, 558)
(1103, 144, 567)
(1104, 144, 576)
(1105, 153, 0)
(1106, 153, 9)
(1107, 153, 18)
(1108, 153, 27)
(1109, 153, 36)
(1110, 153, 45)
(1111, 153, 54)
(1112, 153, 63)
(1113, 153, 72)
(1114, 153, 81)
(1115, 153, 90)
(1116, 153, 99)
(1117, 153, 108)
(1118, 153, 117)
(1119, 153, 126)
(1120, 153, 135)
(1121, 153, 144)
(1122, 153, 153)
(1123, 153, 162)
(1124, 153, 171)
(1125, 153, 180)
(1126, 153, 189)
(1127, 153, 198)
(1128, 153, 207)
(1129, 153, 216)
(1130, 153, 225)
(1131, 153, 234)
(1132, 153, 243)
(1133, 153, 252)
(1134, 153, 261)
(1135, 153, 270)
(1136, 153, 279)
(1137, 153, 288)
(1138, 153, 297)
(1139, 153, 306)
(1140, 153, 315)
(1141, 153, 324)
(1142, 153, 333)
(1143, 153, 342)
(1144, 153, 351)
(1145, 153, 360)
(1146, 153, 369)
(1147, 153, 378)
(1148, 153, 387)
(1149, 153, 396)
(1150, 153, 405)
(1151, 153, 414)
(1152, 153, 423)
(1153, 153, 432)
(1154, 153, 441)
(1155, 153, 450)
(1156, 153, 459)
(1157, 153, 468)
(1158, 153, 477)
(1159, 153, 486)
(1160, 153, 495)
(1161, 153, 504)
(1162, 153, 513)
(1163, 153, 522)
(1164, 153, 531)
(1165, 153, 540)
(1166, 153, 549)
(1167, 153, 558)
(1168, 153, 567)
(1169, 153, 576)
(1170, 162, 0)
(1171, 162, 9)
(1172, 162, 18)
(1173, 162, 27)
(1174, 162, 36)
(1175, 162, 45)
(1176, 162, 54)
(1177, 162, 63)
(1178, 162, 72)
(1179, 162, 81)
(1180, 162, 90)
(1181, 162, 99)
(1182, 162, 108)
(1183, 162, 117)
(1184, 162, 126)
(1185, 162, 135)
(1186, 162, 144)
(1187, 162, 153)
(1188, 162, 162)
(1189, 162, 171)
(1190, 162, 180)
(1191, 162, 189)
(1192, 162, 198)
(1193, 162, 207)
(1194, 162, 216)
(1195, 162, 225)
(1196, 162, 234)
(1197, 162, 243)
(1198, 162, 252)
(1199, 162, 261)
(1200, 162, 270)
(1201, 162, 279)
(1202, 162, 288)
(1203, 162, 297)
(1204, 162, 306)
(1205, 162, 315)
(1206, 162, 324)
(1207, 162, 333)
(1208, 162, 342)
(1209, 162, 351)
(1210, 162, 360)
(1211, 162, 369)
(1212, 162, 378)
(1213, 162, 387)
(1214, 162, 396)
(1215, 162, 405)
(1216, 162, 414)
(1217, 162, 423)
(1218, 162, 432)
(1219, 162, 441)
(1220, 162, 450)
(1221, 162, 459)
(1222, 162, 468)
(1223, 162, 477)
(1224, 162, 486)
(1225, 162, 495)
(1226, 162, 504)
(1227, 162, 513)
(1228, 162, 522)
(1229, 162, 531)
(1230, 162, 540)
(1231, 162, 549)
(1232, 162, 558)
(1233, 162, 567)
(1234, 162, 576)
(1235, 171, 0)
(1236, 171, 9)
(1237, 171, 18)
(1238, 171, 27)
(1239, 171, 36)
(1240, 171, 45)
(1241, 171, 54)
(1242, 171, 63)
(1243, 171, 72)
(1244, 171, 81)
(1245, 171, 90)
(1246, 171, 99)
(1247, 171, 108)
(1248, 171, 117)
(1249, 171, 126)
(1250, 171, 135)
(1251, 171, 144)
(1252, 171, 153)
(1253, 171, 162)
(1254, 171, 171)
(1255, 171, 180)
(1256, 171, 189)
(1257, 171, 198)
(1258, 171, 207)
(1259, 171, 216)
(1260, 171, 225)
(1261, 171, 234)
(1262, 171, 243)
(1263, 171, 252)
(1264, 171, 261)
(1265, 171, 270)
(1266, 171, 279)
(1267, 171, 288)
(1268, 171, 297)
(1269, 171, 306)
(1270, 171, 315)
(1271, 171, 324)
(1272, 171, 333)
(1273, 171, 342)
(1274, 171, 351)
(1275, 171, 360)
(1276, 171, 369)
(1277, 171, 378)
(1278, 171, 387)
(1279, 171, 396)
(1280, 171, 405)
(1281, 171, 414)
(1282, 171, 423)
(1283, 171, 432)
(1284, 171, 441)
(1285, 171, 450)
(1286, 171, 459)
(1287, 171, 468)
(1288, 171, 477)
(1289, 171, 486)
(1290, 171, 495)
(1291, 171, 504)
(1292, 171, 513)
(1293, 171, 522)
(1294, 171, 531)
(1295, 171, 540)
(1296, 171, 549)
(1297, 171, 558)
(1298, 171, 567)
(1299, 171, 576)
(1300, 180, 0)
(1301, 180, 9)
(1302, 180, 18)
(1303, 180, 27)
(1304, 180, 36)
(1305, 180, 45)
(1306, 180, 54)
(1307, 180, 63)
(1308, 180, 72)
(1309, 180, 81)
(1310, 180, 90)
(1311, 180, 99)
(1312, 180, 108)
(1313, 180, 117)
(1314, 180, 126)
(1315, 180, 135)
(1316, 180, 144)
(1317, 180, 153)
(1318, 180, 162)
(1319, 180, 171)
(1320, 180, 180)
(1321, 180, 189)
(1322, 180, 198)
(1323, 180, 207)
(1324, 180, 216)
(1325, 180, 225)
(1326, 180, 234)
(1327, 180, 243)
(1328, 180, 252)
(1329, 180, 261)
(1330, 180, 270)
(1331, 180, 279)
(1332, 180, 288)
(1333, 180, 297)
(1334, 180, 306)
(1335, 180, 315)
(1336, 180, 324)
(1337, 180, 333)
(1338, 180, 342)
(1339, 180, 351)
(1340, 180, 360)
(1341, 180, 369)
(1342, 180, 378)
(1343, 180, 387)
(1344, 180, 396)
(1345, 180, 405)
(1346, 180, 414)
(1347, 180, 423)
(1348, 180, 432)
(1349, 180, 441)
(1350, 180, 450)
(1351, 180, 459)
(1352, 180, 468)
(1353, 180, 477)
(1354, 180, 486)
(1355, 180, 495)
(1356, 180, 504)
(1357, 180, 513)
(1358, 180, 522)
(1359, 180, 531)
(1360, 180, 540)
(1361, 180, 549)
(1362, 180, 558)
(1363, 180, 567)
(1364, 180, 576)
(1365, 189, 0)
(1366, 189, 9)
(1367, 189, 18)
(1368, 189, 27)
(1369, 189, 36)
(1370, 189, 45)
(1371, 189, 54)
(1372, 189, 63)
(1373, 189, 72)
(1374, 189, 81)
(1375, 189, 90)
(1376, 189, 99)
(1377, 189, 108)
(1378, 189, 117)
(1379, 189, 126)
(1380, 189, 135)
(1381, 189, 144)
(1382, 189, 153)
(1383, 189, 162)
(1384, 189, 171)
(1385, 189, 180)
(1386, 189, 189)
(1387, 189, 198)
(1388, 189, 207)
(1389, 189, 216)
(1390, 189, 225)
(1391, 189, 234)
(1392, 189, 243)
(1393, 189, 252)
(1394, 189, 261)
(1395, 189, 270)
(1396, 189, 279)
(1397, 189, 288)
(1398, 189, 297)
(1399, 189, 306)
(1400, 189, 315)
(1401, 189, 324)
(1402, 189, 333)
(1403, 189, 342)
(1404, 189, 351)
(1405, 189, 360)
(1406, 189, 369)
(1407, 189, 378)
(1408, 189, 387)
(1409, 189, 396)
(1410, 189, 405)
(1411, 189, 414)
(1412, 189, 423)
(1413, 189, 432)
(1414, 189, 441)
(1415, 189, 450)
(1416, 189, 459)
(1417, 189, 468)
(1418, 189, 477)
(1419, 189, 486)
(1420, 189, 495)
(1421, 189, 504)
(1422, 189, 513)
(1423, 189, 522)
(1424, 189, 531)
(1425, 189, 540)
(1426, 189, 549)
(1427, 189, 558)
(1428, 189, 567)
(1429, 189, 576)
(1430, 198, 0)
(1431, 198, 9)
(1432, 198, 18)
(1433, 198, 27)
(1434, 198, 36)
(1435, 198, 45)
(1436, 198, 54)
(1437, 198, 63)
(1438, 198, 72)
(1439, 198, 81)
(1440, 198, 90)
(1441, 198, 99)
(1442, 198, 108)
(1443, 198, 117)
(1444, 198, 126)
(1445, 198, 135)
(1446, 198, 144)
(1447, 198, 153)
(1448, 198, 162)
(1449, 198, 171)
(1450, 198, 180)
(1451, 198, 189)
(1452, 198, 198)
(1453, 198, 207)
(1454, 198, 216)
(1455, 198, 225)
(1456, 198, 234)
(1457, 198, 243)
(1458, 198, 252)
(1459, 198, 261)
(1460, 198, 270)
(1461, 198, 279)
(1462, 198, 288)
(1463, 198, 297)
(1464, 198, 306)
(1465, 198, 315)
(1466, 198, 324)
(1467, 198, 333)
(1468, 198, 342)
(1469, 198, 351)
(1470, 198, 360)
(1471, 198, 369)
(1472, 198, 378)
(1473, 198, 387)
(1474, 198, 396)
(1475, 198, 405)
(1476, 198, 414)
(1477, 198, 423)
(1478, 198, 432)
(1479, 198, 441)
(1480, 198, 450)
(1481, 198, 459)
(1482, 198, 468)
(1483, 198, 477)
(1484, 198, 486)
(1485, 198, 495)
(1486, 198, 504)
(1487, 198, 513)
(1488, 198, 522)
(1489, 198, 531)
(1490, 198, 540)
(1491, 198, 549)
(1492, 198, 558)
(1493, 198, 567)
(1494, 198, 576)
(1495, 207, 0)
(1496, 207, 9)
(1497, 207, 18)
(1498, 207, 27)
(1499, 207, 36)
(1500, 207, 45)
(1501, 207, 54)
(1502, 207, 63)
(1503, 207, 72)
(1504, 207, 81)
(1505, 207, 90)
(1506, 207, 99)
(1507, 207, 108)
(1508, 207, 117)
(1509, 207, 126)
(1510, 207, 135)
(1511, 207, 144)
(1512, 207, 153)
(1513, 207, 162)
(1514, 207, 171)
(1515, 207, 180)
(1516, 207, 189)
(1517, 207, 198)
(1518, 207, 207)
(1519, 207, 216)
(1520, 207, 225)
(1521, 207, 234)
(1522, 207, 243)
(1523, 207, 252)
(1524, 207, 261)
(1525, 207, 270)
(1526, 207, 279)
(1527, 207, 288)
(1528, 207, 297)
(1529, 207, 306)
(1530, 207, 315)
(1531, 207, 324)
(1532, 207, 333)
(1533, 207, 342)
(1534, 207, 351)
(1535, 207, 360)
(1536, 207, 369)
(1537, 207, 378)
(1538, 207, 387)
(1539, 207, 396)
(1540, 207, 405)
(1541, 207, 414)
(1542, 207, 423)
(1543, 207, 432)
(1544, 207, 441)
(1545, 207, 450)
(1546, 207, 459)
(1547, 207, 468)
(1548, 207, 477)
(1549, 207, 486)
(1550, 207, 495)
(1551, 207, 504)
(1552, 207, 513)
(1553, 207, 522)
(1554, 207, 531)
(1555, 207, 540)
(1556, 207, 549)
(1557, 207, 558)
(1558, 207, 567)
(1559, 207, 576)
(1560, 216, 0)
(1561, 216, 9)
(1562, 216, 18)
(1563, 216, 27)
(1564, 216, 36)
(1565, 216, 45)
(1566, 216, 54)
(1567, 216, 63)
(1568, 216, 72)
(1569, 216, 81)
(1570, 216, 90)
(1571, 216, 99)
(1572, 216, 108)
(1573, 216, 117)
(1574, 216, 126)
(1575, 216, 135)
(1576, 216, 144)
(1577, 216, 153)
(1578, 216, 162)
(1579, 216, 171)
(1580, 216, 180)
(1581, 216, 189)
(1582, 216, 198)
(1583, 216, 207)
(1584, 216, 216)
(1585, 216, 225)
(1586, 216, 234)
(1587, 216, 243)
(1588, 216, 252)
(1589, 216, 261)
(1590, 216, 270)
(1591, 216, 279)
(1592, 216, 288)
(1593, 216, 297)
(1594, 216, 306)
(1595, 216, 315)
(1596, 216, 324)
(1597, 216, 333)
(1598, 216, 342)
(1599, 216, 351)
(1600, 216, 360)
(1601, 216, 369)
(1602, 216, 378)
(1603, 216, 387)
(1604, 216, 396)
(1605, 216, 405)
(1606, 216, 414)
(1607, 216, 423)
(1608, 216, 432)
(1609, 216, 441)
(1610, 216, 450)
(1611, 216, 459)
(1612, 216, 468)
(1613, 216, 477)
(1614, 216, 486)
(1615, 216, 495)
(1616, 216, 504)
(1617, 216, 513)
(1618, 216, 522)
(1619, 216, 531)
(1620, 216, 540)
(1621, 216, 549)
(1622, 216, 558)
(1623, 216, 567)
(1624, 216, 576)
(1625, 225, 0)
(1626, 225, 9)
(1627, 225, 18)
(1628, 225, 27)
(1629, 225, 36)
(1630, 225, 45)
(1631, 225, 54)
(1632, 225, 63)
(1633, 225, 72)
(1634, 225, 81)
(1635, 225, 90)
(1636, 225, 99)
(1637, 225, 108)
(1638, 225, 117)
(1639, 225, 126)
(1640, 225, 135)
(1641, 225, 144)
(1642, 225, 153)
(1643, 225, 162)
(1644, 225, 171)
(1645, 225, 180)
(1646, 225, 189)
(1647, 225, 198)
(1648, 225, 207)
(1649, 225, 216)
(1650, 225, 225)
(1651, 225, 234)
(1652, 225, 243)
(1653, 225, 252)
(1654, 225, 261)
(1655, 225, 270)
(1656, 225, 279)
(1657, 225, 288)
(1658, 225, 297)
(1659, 225, 306)
(1660, 225, 315)
(1661, 225, 324)
(1662, 225, 333)
(1663, 225, 342)
(1664, 225, 351)
(1665, 225, 360)
(1666, 225, 369)
(1667, 225, 378)
(1668, 225, 387)
(1669, 225, 396)
(1670, 225, 405)
(1671, 225, 414)
(1672, 225, 423)
(1673, 225, 432)
(1674, 225, 441)
(1675, 225, 450)
(1676, 225, 459)
(1677, 225, 468)
(1678, 225, 477)
(1679, 225, 486)
(1680, 225, 495)
(1681, 225, 504)
(1682, 225, 513)
(1683, 225, 522)
(1684, 225, 531)
(1685, 225, 540)
(1686, 225, 549)
(1687, 225, 558)
(1688, 225, 567)
(1689, 225, 576)
(1690, 234, 0)
(1691, 234, 9)
(1692, 234, 18)
(1693, 234, 27)
(1694, 234, 36)
(1695, 234, 45)
(1696, 234, 54)
(1697, 234, 63)
(1698, 234, 72)
(1699, 234, 81)
(1700, 234, 90)
(1701, 234, 99)
(1702, 234, 108)
(1703, 234, 117)
(1704, 234, 126)
(1705, 234, 135)
(1706, 234, 144)
(1707, 234, 153)
(1708, 234, 162)
(1709, 234, 171)
(1710, 234, 180)
(1711, 234, 189)
(1712, 234, 198)
(1713, 234, 207)
(1714, 234, 216)
(1715, 234, 225)
(1716, 234, 234)
(1717, 234, 243)
(1718, 234, 252)
(1719, 234, 261)
(1720, 234, 270)
(1721, 234, 279)
(1722, 234, 288)
(1723, 234, 297)
(1724, 234, 306)
(1725, 234, 315)
(1726, 234, 324)
(1727, 234, 333)
(1728, 234, 342)
(1729, 234, 351)
(1730, 234, 360)
(1731, 234, 369)
(1732, 234, 378)
(1733, 234, 387)
(1734, 234, 396)
(1735, 234, 405)
(1736, 234, 414)
(1737, 234, 423)
(1738, 234, 432)
(1739, 234, 441)
(1740, 234, 450)
(1741, 234, 459)
(1742, 234, 468)
(1743, 234, 477)
(1744, 234, 486)
(1745, 234, 495)
(1746, 234, 504)
(1747, 234, 513)
(1748, 234, 522)
(1749, 234, 531)
(1750, 234, 540)
(1751, 234, 549)
(1752, 234, 558)
(1753, 234, 567)
(1754, 234, 576)
(1755, 243, 0)
(1756, 243, 9)
(1757, 243, 18)
(1758, 243, 27)
(1759, 243, 36)
(1760, 243, 45)
(1761, 243, 54)
(1762, 243, 63)
(1763, 243, 72)
(1764, 243, 81)
(1765, 243, 90)
(1766, 243, 99)
(1767, 243, 108)
(1768, 243, 117)
(1769, 243, 126)
(1770, 243, 135)
(1771, 243, 144)
(1772, 243, 153)
(1773, 243, 162)
(1774, 243, 171)
(1775, 243, 180)
(1776, 243, 189)
(1777, 243, 198)
(1778, 243, 207)
(1779, 243, 216)
(1780, 243, 225)
(1781, 243, 234)
(1782, 243, 243)
(1783, 243, 252)
(1784, 243, 261)
(1785, 243, 270)
(1786, 243, 279)
(1787, 243, 288)
(1788, 243, 297)
(1789, 243, 306)
(1790, 243, 315)
(1791, 243, 324)
(1792, 243, 333)
(1793, 243, 342)
(1794, 243, 351)
(1795, 243, 360)
(1796, 243, 369)
(1797, 243, 378)
(1798, 243, 387)
(1799, 243, 396)
(1800, 243, 405)
(1801, 243, 414)
(1802, 243, 423)
(1803, 243, 432)
(1804, 243, 441)
(1805, 243, 450)
(1806, 243, 459)
(1807, 243, 468)
(1808, 243, 477)
(1809, 243, 486)
(1810, 243, 495)
(1811, 243, 504)
(1812, 243, 513)
(1813, 243, 522)
(1814, 243, 531)
(1815, 243, 540)
(1816, 243, 549)
(1817, 243, 558)
(1818, 243, 567)
(1819, 243, 576)
(1820, 252, 0)
(1821, 252, 9)
(1822, 252, 18)
(1823, 252, 27)
(1824, 252, 36)
(1825, 252, 45)
(1826, 252, 54)
(1827, 252, 63)
(1828, 252, 72)
(1829, 252, 81)
(1830, 252, 90)
(1831, 252, 99)
(1832, 252, 108)
(1833, 252, 117)
(1834, 252, 126)
(1835, 252, 135)
(1836, 252, 144)
(1837, 252, 153)
(1838, 252, 162)
(1839, 252, 171)
(1840, 252, 180)
(1841, 252, 189)
(1842, 252, 198)
(1843, 252, 207)
(1844, 252, 216)
(1845, 252, 225)
(1846, 252, 234)
(1847, 252, 243)
(1848, 252, 252)
(1849, 252, 261)
(1850, 252, 270)
(1851, 252, 279)
(1852, 252, 288)
(1853, 252, 297)
(1854, 252, 306)
(1855, 252, 315)
(1856, 252, 324)
(1857, 252, 333)
(1858, 252, 342)
(1859, 252, 351)
(1860, 252, 360)
(1861, 252, 369)
(1862, 252, 378)
(1863, 252, 387)
(1864, 252, 396)
(1865, 252, 405)
(1866, 252, 414)
(1867, 252, 423)
(1868, 252, 432)
(1869, 252, 441)
(1870, 252, 450)
(1871, 252, 459)
(1872, 252, 468)
(1873, 252, 477)
(1874, 252, 486)
(1875, 252, 495)
(1876, 252, 504)
(1877, 252, 513)
(1878, 252, 522)
(1879, 252, 531)
(1880, 252, 540)
(1881, 252, 549)
(1882, 252, 558)
(1883, 252, 567)
(1884, 252, 576)
(1885, 261, 0)
(1886, 261, 9)
(1887, 261, 18)
(1888, 261, 27)
(1889, 261, 36)
(1890, 261, 45)
(1891, 261, 54)
(1892, 261, 63)
(1893, 261, 72)
(1894, 261, 81)
(1895, 261, 90)
(1896, 261, 99)
(1897, 261, 108)
(1898, 261, 117)
(1899, 261, 126)
(1900, 261, 135)
(1901, 261, 144)
(1902, 261, 153)
(1903, 261, 162)
(1904, 261, 171)
(1905, 261, 180)
(1906, 261, 189)
(1907, 261, 198)
(1908, 261, 207)
(1909, 261, 216)
(1910, 261, 225)
(1911, 261, 234)
(1912, 261, 243)
(1913, 261, 252)
(1914, 261, 261)
(1915, 261, 270)
(1916, 261, 279)
(1917, 261, 288)
(1918, 261, 297)
(1919, 261, 306)
(1920, 261, 315)
(1921, 261, 324)
(1922, 261, 333)
(1923, 261, 342)
(1924, 261, 351)
(1925, 261, 360)
(1926, 261, 369)
(1927, 261, 378)
(1928, 261, 387)
(1929, 261, 396)
(1930, 261, 405)
(1931, 261, 414)
(1932, 261, 423)
(1933, 261, 432)
(1934, 261, 441)
(1935, 261, 450)
(1936, 261, 459)
(1937, 261, 468)
(1938, 261, 477)
(1939, 261, 486)
(1940, 261, 495)
(1941, 261, 504)
(1942, 261, 513)
(1943, 261, 522)
(1944, 261, 531)
(1945, 261, 540)
(1946, 261, 549)
(1947, 261, 558)
(1948, 261, 567)
(1949, 261, 576)
(1950, 270, 0)
(1951, 270, 9)
(1952, 270, 18)
(1953, 270, 27)
(1954, 270, 36)
(1955, 270, 45)
(1956, 270, 54)
(1957, 270, 63)
(1958, 270, 72)
(1959, 270, 81)
(1960, 270, 90)
(1961, 270, 99)
(1962, 270, 108)
(1963, 270, 117)
(1964, 270, 126)
(1965, 270, 135)
(1966, 270, 144)
(1967, 270, 153)
(1968, 270, 162)
(1969, 270, 171)
(1970, 270, 180)
(1971, 270, 189)
(1972, 270, 198)
(1973, 270, 207)
(1974, 270, 216)
(1975, 270, 225)
(1976, 270, 234)
(1977, 270, 243)
(1978, 270, 252)
(1979, 270, 261)
(1980, 270, 270)
(1981, 270, 279)
(1982, 270, 288)
(1983, 270, 297)
(1984, 270, 306)
(1985, 270, 315)
(1986, 270, 324)
(1987, 270, 333)
(1988, 270, 342)
(1989, 270, 351)
(1990, 270, 360)
(1991, 270, 369)
(1992, 270, 378)
(1993, 270, 387)
(1994, 270, 396)
(1995, 270, 405)
(1996, 270, 414)
(1997, 270, 423)
(1998, 270, 432)
(1999, 270, 441)
(2000, 270, 450)
(2001, 270, 459)
(2002, 270, 468)
(2003, 270, 477)
(2004, 270, 486)
(2005, 270, 495)
(2006, 270, 504)
(2007, 270, 513)
(2008, 270, 522)
(2009, 270, 531)
(2010, 270, 540)
(2011, 270, 549)
(2012, 270, 558)
(2013, 270, 567)
(2014, 270, 576)
(2015, 279, 0)
(2016, 279, 9)
(2017, 279, 18)
(2018, 279, 27)
(2019, 279, 36)
(2020, 279, 45)
(2021, 279, 54)
(2022, 279, 63)
(2023, 279, 72)
(2024, 279, 81)
(2025, 279, 90)
(2026, 279, 99)
(2027, 279, 108)
(2028, 279, 117)
(2029, 279, 126)
(2030, 279, 135)
(2031, 279, 144)
(2032, 279, 153)
(2033, 279, 162)
(2034, 279, 171)
(2035, 279, 180)
(2036, 279, 189)
(2037, 279, 198)
(2038, 279, 207)
(2039, 279, 216)
(2040, 279, 225)
(2041, 279, 234)
(2042, 279, 243)
(2043, 279, 252)
(2044, 279, 261)
(2045, 279, 270)
(2046, 279, 279)
(2047, 279, 288)
(2048, 279, 297)
(2049, 279, 306)
(2050, 279, 315)
(2051, 279, 324)
(2052, 279, 333)
(2053, 279, 342)
(2054, 279, 351)
(2055, 279, 360)
(2056, 279, 369)
(2057, 279, 378)
(2058, 279, 387)
(2059, 279, 396)
(2060, 279, 405)
(2061, 279, 414)
(2062, 279, 423)
(2063, 279, 432)
(2064, 279, 441)
(2065, 279, 450)
(2066, 279, 459)
(2067, 279, 468)
(2068, 279, 477)
(2069, 279, 486)
(2070, 279, 495)
(2071, 279, 504)
(2072, 279, 513)
(2073, 279, 522)
(2074, 279, 531)
(2075, 279, 540)
(2076, 279, 549)
(2077, 279, 558)
(2078, 279, 567)
(2079, 279, 576)
(2080, 288, 0)
(2081, 288, 9)
(2082, 288, 18)
(2083, 288, 27)
(2084, 288, 36)
(2085, 288, 45)
(2086, 288, 54)
(2087, 288, 63)
(2088, 288, 72)
(2089, 288, 81)
(2090, 288, 90)
(2091, 288, 99)
(2092, 288, 108)
(2093, 288, 117)
(2094, 288, 126)
(2095, 288, 135)
(2096, 288, 144)
(2097, 288, 153)
(2098, 288, 162)
(2099, 288, 171)
(2100, 288, 180)
(2101, 288, 189)
(2102, 288, 198)
(2103, 288, 207)
(2104, 288, 216)
(2105, 288, 225)
(2106, 288, 234)
(2107, 288, 243)
(2108, 288, 252)
(2109, 288, 261)
(2110, 288, 270)
(2111, 288, 279)
(2112, 288, 288)
(2113, 288, 297)
(2114, 288, 306)
(2115, 288, 315)
(2116, 288, 324)
(2117, 288, 333)
(2118, 288, 342)
(2119, 288, 351)
(2120, 288, 360)
(2121, 288, 369)
(2122, 288, 378)
(2123, 288, 387)
(2124, 288, 396)
(2125, 288, 405)
(2126, 288, 414)
(2127, 288, 423)
(2128, 288, 432)
(2129, 288, 441)
(2130, 288, 450)
(2131, 288, 459)
(2132, 288, 468)
(2133, 288, 477)
(2134, 288, 486)
(2135, 288, 495)
(2136, 288, 504)
(2137, 288, 513)
(2138, 288, 522)
(2139, 288, 531)
(2140, 288, 540)
(2141, 288, 549)
(2142, 288, 558)
(2143, 288, 567)
(2144, 288, 576)
(2145, 297, 0)
(2146, 297, 9)
(2147, 297, 18)
(2148, 297, 27)
(2149, 297, 36)
(2150, 297, 45)
(2151, 297, 54)
(2152, 297, 63)
(2153, 297, 72)
(2154, 297, 81)
(2155, 297, 90)
(2156, 297, 99)
(2157, 297, 108)
(2158, 297, 117)
(2159, 297, 126)
(2160, 297, 135)
(2161, 297, 144)
(2162, 297, 153)
(2163, 297, 162)
(2164, 297, 171)
(2165, 297, 180)
(2166, 297, 189)
(2167, 297, 198)
(2168, 297, 207)
(2169, 297, 216)
(2170, 297, 225)
(2171, 297, 234)
(2172, 297, 243)
(2173, 297, 252)
(2174, 297, 261)
(2175, 297, 270)
(2176, 297, 279)
(2177, 297, 288)
(2178, 297, 297)
(2179, 297, 306)
(2180, 297, 315)
(2181, 297, 324)
(2182, 297, 333)
(2183, 297, 342)
(2184, 297, 351)
(2185, 297, 360)
(2186, 297, 369)
(2187, 297, 378)
(2188, 297, 387)
(2189, 297, 396)
(2190, 297, 405)
(2191, 297, 414)
(2192, 297, 423)
(2193, 297, 432)
(2194, 297, 441)
(2195, 297, 450)
(2196, 297, 459)
(2197, 297, 468)
(2198, 297, 477)
(2199, 297, 486)
(2200, 297, 495)
(2201, 297, 504)
(2202, 297, 513)
(2203, 297, 522)
(2204, 297, 531)
(2205, 297, 540)
(2206, 297, 549)
(2207, 297, 558)
(2208, 297, 567)
(2209, 297, 576)
(2210, 306, 0)
(2211, 306, 9)
(2212, 306, 18)
(2213, 306, 27)
(2214, 306, 36)
(2215, 306, 45)
(2216, 306, 54)
(2217, 306, 63)
(2218, 306, 72)
(2219, 306, 81)
(2220, 306, 90)
(2221, 306, 99)
(2222, 306, 108)
(2223, 306, 117)
(2224, 306, 126)
(2225, 306, 135)
(2226, 306, 144)
(2227, 306, 153)
(2228, 306, 162)
(2229, 306, 171)
(2230, 306, 180)
(2231, 306, 189)
(2232, 306, 198)
(2233, 306, 207)
(2234, 306, 216)
(2235, 306, 225)
(2236, 306, 234)
(2237, 306, 243)
(2238, 306, 252)
(2239, 306, 261)
(2240, 306, 270)
(2241, 306, 279)
(2242, 306, 288)
(2243, 306, 297)
(2244, 306, 306)
(2245, 306, 315)
(2246, 306, 324)
(2247, 306, 333)
(2248, 306, 342)
(2249, 306, 351)
(2250, 306, 360)
(2251, 306, 369)
(2252, 306, 378)
(2253, 306, 387)
(2254, 306, 396)
(2255, 306, 405)
(2256, 306, 414)
(2257, 306, 423)
(2258, 306, 432)
(2259, 306, 441)
(2260, 306, 450)
(2261, 306, 459)
(2262, 306, 468)
(2263, 306, 477)
(2264, 306, 486)
(2265, 306, 495)
(2266, 306, 504)
(2267, 306, 513)
(2268, 306, 522)
(2269, 306, 531)
(2270, 306, 540)
(2271, 306, 549)
(2272, 306, 558)
(2273, 306, 567)
(2274, 306, 576)
(2275, 315, 0)
(2276, 315, 9)
(2277, 315, 18)
(2278, 315, 27)
(2279, 315, 36)
(2280, 315, 45)
(2281, 315, 54)
(2282, 315, 63)
(2283, 315, 72)
(2284, 315, 81)
(2285, 315, 90)
(2286, 315, 99)
(2287, 315, 108)
(2288, 315, 117)
(2289, 315, 126)
(2290, 315, 135)
(2291, 315, 144)
(2292, 315, 153)
(2293, 315, 162)
(2294, 315, 171)
(2295, 315, 180)
(2296, 315, 189)
(2297, 315, 198)
(2298, 315, 207)
(2299, 315, 216)
(2300, 315, 225)
(2301, 315, 234)
(2302, 315, 243)
(2303, 315, 252)
(2304, 315, 261)
(2305, 315, 270)
(2306, 315, 279)
(2307, 315, 288)
(2308, 315, 297)
(2309, 315, 306)
(2310, 315, 315)
(2311, 315, 324)
(2312, 315, 333)
(2313, 315, 342)
(2314, 315, 351)
(2315, 315, 360)
(2316, 315, 369)
(2317, 315, 378)
(2318, 315, 387)
(2319, 315, 396)
(2320, 315, 405)
(2321, 315, 414)
(2322, 315, 423)
(2323, 315, 432)
(2324, 315, 441)
(2325, 315, 450)
(2326, 315, 459)
(2327, 315, 468)
(2328, 315, 477)
(2329, 315, 486)
(2330, 315, 495)
(2331, 315, 504)
(2332, 315, 513)
(2333, 315, 522)
(2334, 315, 531)
(2335, 315, 540)
(2336, 315, 549)
(2337, 315, 558)
(2338, 315, 567)
(2339, 315, 576)
(2340, 324, 0)
(2341, 324, 9)
(2342, 324, 18)
(2343, 324, 27)
(2344, 324, 36)
(2345, 324, 45)
(2346, 324, 54)
(2347, 324, 63)
(2348, 324, 72)
(2349, 324, 81)
(2350, 324, 90)
(2351, 324, 99)
(2352, 324, 108)
(2353, 324, 117)
(2354, 324, 126)
(2355, 324, 135)
(2356, 324, 144)
(2357, 324, 153)
(2358, 324, 162)
(2359, 324, 171)
(2360, 324, 180)
(2361, 324, 189)
(2362, 324, 198)
(2363, 324, 207)
(2364, 324, 216)
(2365, 324, 225)
(2366, 324, 234)
(2367, 324, 243)
(2368, 324, 252)
(2369, 324, 261)
(2370, 324, 270)
(2371, 324, 279)
(2372, 324, 288)
(2373, 324, 297)
(2374, 324, 306)
(2375, 324, 315)
(2376, 324, 324)
(2377, 324, 333)
(2378, 324, 342)
(2379, 324, 351)
(2380, 324, 360)
(2381, 324, 369)
(2382, 324, 378)
(2383, 324, 387)
(2384, 324, 396)
(2385, 324, 405)
(2386, 324, 414)
(2387, 324, 423)
(2388, 324, 432)
(2389, 324, 441)
(2390, 324, 450)
(2391, 324, 459)
(2392, 324, 468)
(2393, 324, 477)
(2394, 324, 486)
(2395, 324, 495)
(2396, 324, 504)
(2397, 324, 513)
(2398, 324, 522)
(2399, 324, 531)
(2400, 324, 540)
(2401, 324, 549)
(2402, 324, 558)
(2403, 324, 567)
(2404, 324, 576)
(2405, 333, 0)
(2406, 333, 9)
(2407, 333, 18)
(2408, 333, 27)
(2409, 333, 36)
(2410, 333, 45)
(2411, 333, 54)
(2412, 333, 63)
(2413, 333, 72)
(2414, 333, 81)
(2415, 333, 90)
(2416, 333, 99)
(2417, 333, 108)
(2418, 333, 117)
(2419, 333, 126)
(2420, 333, 135)
(2421, 333, 144)
(2422, 333, 153)
(2423, 333, 162)
(2424, 333, 171)
(2425, 333, 180)
(2426, 333, 189)
(2427, 333, 198)
(2428, 333, 207)
(2429, 333, 216)
(2430, 333, 225)
(2431, 333, 234)
(2432, 333, 243)
(2433, 333, 252)
(2434, 333, 261)
(2435, 333, 270)
(2436, 333, 279)
(2437, 333, 288)
(2438, 333, 297)
(2439, 333, 306)
(2440, 333, 315)
(2441, 333, 324)
(2442, 333, 333)
(2443, 333, 342)
(2444, 333, 351)
(2445, 333, 360)
(2446, 333, 369)
(2447, 333, 378)
(2448, 333, 387)
(2449, 333, 396)
(2450, 333, 405)
(2451, 333, 414)
(2452, 333, 423)
(2453, 333, 432)
(2454, 333, 441)
(2455, 333, 450)
(2456, 333, 459)
(2457, 333, 468)
(2458, 333, 477)
(2459, 333, 486)
(2460, 333, 495)
(2461, 333, 504)
(2462, 333, 513)
(2463, 333, 522)
(2464, 333, 531)
(2465, 333, 540)
(2466, 333, 549)
(2467, 333, 558)
(2468, 333, 567)
(2469, 333, 576)
(2470, 342, 0)
(2471, 342, 9)
(2472, 342, 18)
(2473, 342, 27)
(2474, 342, 36)
(2475, 342, 45)
(2476, 342, 54)
(2477, 342, 63)
(2478, 342, 72)
(2479, 342, 81)
(2480, 342, 90)
(2481, 342, 99)
(2482, 342, 108)
(2483, 342, 117)
(2484, 342, 126)
(2485, 342, 135)
(2486, 342, 144)
(2487, 342, 153)
(2488, 342, 162)
(2489, 342, 171)
(2490, 342, 180)
(2491, 342, 189)
(2492, 342, 198)
(2493, 342, 207)
(2494, 342, 216)
(2495, 342, 225)
(2496, 342, 234)
(2497, 342, 243)
(2498, 342, 252)
(2499, 342, 261)
(2500, 342, 270)
(2501, 342, 279)
(2502, 342, 288)
(2503, 342, 297)
(2504, 342, 306)
(2505, 342, 315)
(2506, 342, 324)
(2507, 342, 333)
(2508, 342, 342)
(2509, 342, 351)
(2510, 342, 360)
(2511, 342, 369)
(2512, 342, 378)
(2513, 342, 387)
(2514, 342, 396)
(2515, 342, 405)
(2516, 342, 414)
(2517, 342, 423)
(2518, 342, 432)
(2519, 342, 441)
(2520, 342, 450)
(2521, 342, 459)
(2522, 342, 468)
(2523, 342, 477)
(2524, 342, 486)
(2525, 342, 495)
(2526, 342, 504)
(2527, 342, 513)
(2528, 342, 522)
(2529, 342, 531)
(2530, 342, 540)
(2531, 342, 549)
(2532, 342, 558)
(2533, 342, 567)
(2534, 342, 576)
(2535, 351, 0)
(2536, 351, 9)
(2537, 351, 18)
(2538, 351, 27)
(2539, 351, 36)
(2540, 351, 45)
(2541, 351, 54)
(2542, 351, 63)
(2543, 351, 72)
(2544, 351, 81)
(2545, 351, 90)
(2546, 351, 99)
(2547, 351, 108)
(2548, 351, 117)
(2549, 351, 126)
(2550, 351, 135)
(2551, 351, 144)
(2552, 351, 153)
(2553, 351, 162)
(2554, 351, 171)
(2555, 351, 180)
(2556, 351, 189)
(2557, 351, 198)
(2558, 351, 207)
(2559, 351, 216)
(2560, 351, 225)
(2561, 351, 234)
(2562, 351, 243)
(2563, 351, 252)
(2564, 351, 261)
(2565, 351, 270)
(2566, 351, 279)
(2567, 351, 288)
(2568, 351, 297)
(2569, 351, 306)
(2570, 351, 315)
(2571, 351, 324)
(2572, 351, 333)
(2573, 351, 342)
(2574, 351, 351)
(2575, 351, 360)
(2576, 351, 369)
(2577, 351, 378)
(2578, 351, 387)
(2579, 351, 396)
(2580, 351, 405)
(2581, 351, 414)
(2582, 351, 423)
(2583, 351, 432)
(2584, 351, 441)
(2585, 351, 450)
(2586, 351, 459)
(2587, 351, 468)
(2588, 351, 477)
(2589, 351, 486)
(2590, 351, 495)
(2591, 351, 504)
(2592, 351, 513)
(2593, 351, 522)
(2594, 351, 531)
(2595, 351, 540)
(2596, 351, 549)
(2597, 351, 558)
(2598, 351, 567)
(2599, 351, 576)
(2600, 360, 0)
(2601, 360, 9)
(2602, 360, 18)
(2603, 360, 27)
(2604, 360, 36)
(2605, 360, 45)
(2606, 360, 54)
(2607, 360, 63)
(2608, 360, 72)
(2609, 360, 81)
(2610, 360, 90)
(2611, 360, 99)
(2612, 360, 108)
(2613, 360, 117)
(2614, 360, 126)
(2615, 360, 135)
(2616, 360, 144)
(2617, 360, 153)
(2618, 360, 162)
(2619, 360, 171)
(2620, 360, 180)
(2621, 360, 189)
(2622, 360, 198)
(2623, 360, 207)
(2624, 360, 216)
(2625, 360, 225)
(2626, 360, 234)
(2627, 360, 243)
(2628, 360, 252)
(2629, 360, 261)
(2630, 360, 270)
(2631, 360, 279)
(2632, 360, 288)
(2633, 360, 297)
(2634, 360, 306)
(2635, 360, 315)
(2636, 360, 324)
(2637, 360, 333)
(2638, 360, 342)
(2639, 360, 351)
(2640, 360, 360)
(2641, 360, 369)
(2642, 360, 378)
(2643, 360, 387)
(2644, 360, 396)
(2645, 360, 405)
(2646, 360, 414)
(2647, 360, 423)
(2648, 360, 432)
(2649, 360, 441)
(2650, 360, 450)
(2651, 360, 459)
(2652, 360, 468)
(2653, 360, 477)
(2654, 360, 486)
(2655, 360, 495)
(2656, 360, 504)
(2657, 360, 513)
(2658, 360, 522)
(2659, 360, 531)
(2660, 360, 540)
(2661, 360, 549)
(2662, 360, 558)
(2663, 360, 567)
(2664, 360, 576)
(2665, 369, 0)
(2666, 369, 9)
(2667, 369, 18)
(2668, 369, 27)
(2669, 369, 36)
(2670, 369, 45)
(2671, 369, 54)
(2672, 369, 63)
(2673, 369, 72)
(2674, 369, 81)
(2675, 369, 90)
(2676, 369, 99)
(2677, 369, 108)
(2678, 369, 117)
(2679, 369, 126)
(2680, 369, 135)
(2681, 369, 144)
(2682, 369, 153)
(2683, 369, 162)
(2684, 369, 171)
(2685, 369, 180)
(2686, 369, 189)
(2687, 369, 198)
(2688, 369, 207)
(2689, 369, 216)
(2690, 369, 225)
(2691, 369, 234)
(2692, 369, 243)
(2693, 369, 252)
(2694, 369, 261)
(2695, 369, 270)
(2696, 369, 279)
(2697, 369, 288)
(2698, 369, 297)
(2699, 369, 306)
(2700, 369, 315)
(2701, 369, 324)
(2702, 369, 333)
(2703, 369, 342)
(2704, 369, 351)
(2705, 369, 360)
(2706, 369, 369)
(2707, 369, 378)
(2708, 369, 387)
(2709, 369, 396)
(2710, 369, 405)
(2711, 369, 414)
(2712, 369, 423)
(2713, 369, 432)
(2714, 369, 441)
(2715, 369, 450)
(2716, 369, 459)
(2717, 369, 468)
(2718, 369, 477)
(2719, 369, 486)
(2720, 369, 495)
(2721, 369, 504)
(2722, 369, 513)
(2723, 369, 522)
(2724, 369, 531)
(2725, 369, 540)
(2726, 369, 549)
(2727, 369, 558)
(2728, 369, 567)
(2729, 369, 576)
(2730, 378, 0)
(2731, 378, 9)
(2732, 378, 18)
(2733, 378, 27)
(2734, 378, 36)
(2735, 378, 45)
(2736, 378, 54)
(2737, 378, 63)
(2738, 378, 72)
(2739, 378, 81)
(2740, 378, 90)
(2741, 378, 99)
(2742, 378, 108)
(2743, 378, 117)
(2744, 378, 126)
(2745, 378, 135)
(2746, 378, 144)
(2747, 378, 153)
(2748, 378, 162)
(2749, 378, 171)
(2750, 378, 180)
(2751, 378, 189)
(2752, 378, 198)
(2753, 378, 207)
(2754, 378, 216)
(2755, 378, 225)
(2756, 378, 234)
(2757, 378, 243)
(2758, 378, 252)
(2759, 378, 261)
(2760, 378, 270)
(2761, 378, 279)
(2762, 378, 288)
(2763, 378, 297)
(2764, 378, 306)
(2765, 378, 315)
(2766, 378, 324)
(2767, 378, 333)
(2768, 378, 342)
(2769, 378, 351)
(2770, 378, 360)
(2771, 378, 369)
(2772, 378, 378)
(2773, 378, 387)
(2774, 378, 396)
(2775, 378, 405)
(2776, 378, 414)
(2777, 378, 423)
(2778, 378, 432)
(2779, 378, 441)
(2780, 378, 450)
(2781, 378, 459)
(2782, 378, 468)
(2783, 378, 477)
(2784, 378, 486)
(2785, 378, 495)
(2786, 378, 504)
(2787, 378, 513)
(2788, 378, 522)
(2789, 378, 531)
(2790, 378, 540)
(2791, 378, 549)
(2792, 378, 558)
(2793, 378, 567)
(2794, 378, 576)
(2795, 387, 0)
(2796, 387, 9)
(2797, 387, 18)
(2798, 387, 27)
(2799, 387, 36)
(2800, 387, 45)
(2801, 387, 54)
(2802, 387, 63)
(2803, 387, 72)
(2804, 387, 81)
(2805, 387, 90)
(2806, 387, 99)
(2807, 387, 108)
(2808, 387, 117)
(2809, 387, 126)
(2810, 387, 135)
(2811, 387, 144)
(2812, 387, 153)
(2813, 387, 162)
(2814, 387, 171)
(2815, 387, 180)
(2816, 387, 189)
(2817, 387, 198)
(2818, 387, 207)
(2819, 387, 216)
(2820, 387, 225)
(2821, 387, 234)
(2822, 387, 243)
(2823, 387, 252)
(2824, 387, 261)
(2825, 387, 270)
(2826, 387, 279)
(2827, 387, 288)
(2828, 387, 297)
(2829, 387, 306)
(2830, 387, 315)
(2831, 387, 324)
(2832, 387, 333)
(2833, 387, 342)
(2834, 387, 351)
(2835, 387, 360)
(2836, 387, 369)
(2837, 387, 378)
(2838, 387, 387)
(2839, 387, 396)
(2840, 387, 405)
(2841, 387, 414)
(2842, 387, 423)
(2843, 387, 432)
(2844, 387, 441)
(2845, 387, 450)
(2846, 387, 459)
(2847, 387, 468)
(2848, 387, 477)
(2849, 387, 486)
(2850, 387, 495)
(2851, 387, 504)
(2852, 387, 513)
(2853, 387, 522)
(2854, 387, 531)
(2855, 387, 540)
(2856, 387, 549)
(2857, 387, 558)
(2858, 387, 567)
(2859, 387, 576)
(2860, 396, 0)
(2861, 396, 9)
(2862, 396, 18)
(2863, 396, 27)
(2864, 396, 36)
(2865, 396, 45)
(2866, 396, 54)
(2867, 396, 63)
(2868, 396, 72)
(2869, 396, 81)
(2870, 396, 90)
(2871, 396, 99)
(2872, 396, 108)
(2873, 396, 117)
(2874, 396, 126)
(2875, 396, 135)
(2876, 396, 144)
(2877, 396, 153)
(2878, 396, 162)
(2879, 396, 171)
(2880, 396, 180)
(2881, 396, 189)
(2882, 396, 198)
(2883, 396, 207)
(2884, 396, 216)
(2885, 396, 225)
(2886, 396, 234)
(2887, 396, 243)
(2888, 396, 252)
(2889, 396, 261)
(2890, 396, 270)
(2891, 396, 279)
(2892, 396, 288)
(2893, 396, 297)
(2894, 396, 306)
(2895, 396, 315)
(2896, 396, 324)
(2897, 396, 333)
(2898, 396, 342)
(2899, 396, 351)
(2900, 396, 360)
(2901, 396, 369)
(2902, 396, 378)
(2903, 396, 387)
(2904, 396, 396)
(2905, 396, 405)
(2906, 396, 414)
(2907, 396, 423)
(2908, 396, 432)
(2909, 396, 441)
(2910, 396, 450)
(2911, 396, 459)
(2912, 396, 468)
(2913, 396, 477)
(2914, 396, 486)
(2915, 396, 495)
(2916, 396, 504)
(2917, 396, 513)
(2918, 396, 522)
(2919, 396, 531)
(2920, 396, 540)
(2921, 396, 549)
(2922, 396, 558)
(2923, 396, 567)
(2924, 396, 576)
(2925, 405, 0)
(2926, 405, 9)
(2927, 405, 18)
(2928, 405, 27)
(2929, 405, 36)
(2930, 405, 45)
(2931, 405, 54)
(2932, 405, 63)
(2933, 405, 72)
(2934, 405, 81)
(2935, 405, 90)
(2936, 405, 99)
(2937, 405, 108)
(2938, 405, 117)
(2939, 405, 126)
(2940, 405, 135)
(2941, 405, 144)
(2942, 405, 153)
(2943, 405, 162)
(2944, 405, 171)
(2945, 405, 180)
(2946, 405, 189)
(2947, 405, 198)
(2948, 405, 207)
(2949, 405, 216)
(2950, 405, 225)
(2951, 405, 234)
(2952, 405, 243)
(2953, 405, 252)
(2954, 405, 261)
(2955, 405, 270)
(2956, 405, 279)
(2957, 405, 288)
(2958, 405, 297)
(2959, 405, 306)
(2960, 405, 315)
(2961, 405, 324)
(2962, 405, 333)
(2963, 405, 342)
(2964, 405, 351)
(2965, 405, 360)
(2966, 405, 369)
(2967, 405, 378)
(2968, 405, 387)
(2969, 405, 396)
(2970, 405, 405)
(2971, 405, 414)
(2972, 405, 423)
(2973, 405, 432)
(2974, 405, 441)
(2975, 405, 450)
(2976, 405, 459)
(2977, 405, 468)
(2978, 405, 477)
(2979, 405, 486)
(2980, 405, 495)
(2981, 405, 504)
(2982, 405, 513)
(2983, 405, 522)
(2984, 405, 531)
(2985, 405, 540)
(2986, 405, 549)
(2987, 405, 558)
(2988, 405, 567)
(2989, 405, 576)
(2990, 414, 0)
(2991, 414, 9)
(2992, 414, 18)
(2993, 414, 27)
(2994, 414, 36)
(2995, 414, 45)
(2996, 414, 54)
(2997, 414, 63)
(2998, 414, 72)
(2999, 414, 81)
(3000, 414, 90)
(3001, 414, 99)
(3002, 414, 108)
(3003, 414, 117)
(3004, 414, 126)
(3005, 414, 135)
(3006, 414, 144)
(3007, 414, 153)
(3008, 414, 162)
(3009, 414, 171)
(3010, 414, 180)
(3011, 414, 189)
(3012, 414, 198)
(3013, 414, 207)
(3014, 414, 216)
(3015, 414, 225)
(3016, 414, 234)
(3017, 414, 243)
(3018, 414, 252)
(3019, 414, 261)
(3020, 414, 270)
(3021, 414, 279)
(3022, 414, 288)
(3023, 414, 297)
(3024, 414, 306)
(3025, 414, 315)
(3026, 414, 324)
(3027, 414, 333)
(3028, 414, 342)
(3029, 414, 351)
(3030, 414, 360)
(3031, 414, 369)
(3032, 414, 378)
(3033, 414, 387)
(3034, 414, 396)
(3035, 414, 405)
(3036, 414, 414)
(3037, 414, 423)
(3038, 414, 432)
(3039, 414, 441)
(3040, 414, 450)
(3041, 414, 459)
(3042, 414, 468)
(3043, 414, 477)
(3044, 414, 486)
(3045, 414, 495)
(3046, 414, 504)
(3047, 414, 513)
(3048, 414, 522)
(3049, 414, 531)
(3050, 414, 540)
(3051, 414, 549)
(3052, 414, 558)
(3053, 414, 567)
(3054, 414, 576)
(3055, 423, 0)
(3056, 423, 9)
(3057, 423, 18)
(3058, 423, 27)
(3059, 423, 36)
(3060, 423, 45)
(3061, 423, 54)
(3062, 423, 63)
(3063, 423, 72)
(3064, 423, 81)
(3065, 423, 90)
(3066, 423, 99)
(3067, 423, 108)
(3068, 423, 117)
(3069, 423, 126)
(3070, 423, 135)
(3071, 423, 144)
(3072, 423, 153)
(3073, 423, 162)
(3074, 423, 171)
(3075, 423, 180)
(3076, 423, 189)
(3077, 423, 198)
(3078, 423, 207)
(3079, 423, 216)
(3080, 423, 225)
(3081, 423, 234)
(3082, 423, 243)
(3083, 423, 252)
(3084, 423, 261)
(3085, 423, 270)
(3086, 423, 279)
(3087, 423, 288)
(3088, 423, 297)
(3089, 423, 306)
(3090, 423, 315)
(3091, 423, 324)
(3092, 423, 333)
(3093, 423, 342)
(3094, 423, 351)
(3095, 423, 360)
(3096, 423, 369)
(3097, 423, 378)
(3098, 423, 387)
(3099, 423, 396)
(3100, 423, 405)
(3101, 423, 414)
(3102, 423, 423)
(3103, 423, 432)
(3104, 423, 441)
(3105, 423, 450)
(3106, 423, 459)
(3107, 423, 468)
(3108, 423, 477)
(3109, 423, 486)
(3110, 423, 495)
(3111, 423, 504)
(3112, 423, 513)
(3113, 423, 522)
(3114, 423, 531)
(3115, 423, 540)
(3116, 423, 549)
(3117, 423, 558)
(3118, 423, 567)
(3119, 423, 576)
(3120, 432, 0)
(3121, 432, 9)
(3122, 432, 18)
(3123, 432, 27)
(3124, 432, 36)
(3125, 432, 45)
(3126, 432, 54)
(3127, 432, 63)
(3128, 432, 72)
(3129, 432, 81)
(3130, 432, 90)
(3131, 432, 99)
(3132, 432, 108)
(3133, 432, 117)
(3134, 432, 126)
(3135, 432, 135)
(3136, 432, 144)
(3137, 432, 153)
(3138, 432, 162)
(3139, 432, 171)
(3140, 432, 180)
(3141, 432, 189)
(3142, 432, 198)
(3143, 432, 207)
(3144, 432, 216)
(3145, 432, 225)
(3146, 432, 234)
(3147, 432, 243)
(3148, 432, 252)
(3149, 432, 261)
(3150, 432, 270)
(3151, 432, 279)
(3152, 432, 288)
(3153, 432, 297)
(3154, 432, 306)
(3155, 432, 315)
(3156, 432, 324)
(3157, 432, 333)
(3158, 432, 342)
(3159, 432, 351)
(3160, 432, 360)
(3161, 432, 369)
(3162, 432, 378)
(3163, 432, 387)
(3164, 432, 396)
(3165, 432, 405)
(3166, 432, 414)
(3167, 432, 423)
(3168, 432, 432)
(3169, 432, 441)
(3170, 432, 450)
(3171, 432, 459)
(3172, 432, 468)
(3173, 432, 477)
(3174, 432, 486)
(3175, 432, 495)
(3176, 432, 504)
(3177, 432, 513)
(3178, 432, 522)
(3179, 432, 531)
(3180, 432, 540)
(3181, 432, 549)
(3182, 432, 558)
(3183, 432, 567)
(3184, 432, 576)
(3185, 441, 0)
(3186, 441, 9)
(3187, 441, 18)
(3188, 441, 27)
(3189, 441, 36)
(3190, 441, 45)
(3191, 441, 54)
(3192, 441, 63)
(3193, 441, 72)
(3194, 441, 81)
(3195, 441, 90)
(3196, 441, 99)
(3197, 441, 108)
(3198, 441, 117)
(3199, 441, 126)
(3200, 441, 135)
(3201, 441, 144)
(3202, 441, 153)
(3203, 441, 162)
(3204, 441, 171)
(3205, 441, 180)
(3206, 441, 189)
(3207, 441, 198)
(3208, 441, 207)
(3209, 441, 216)
(3210, 441, 225)
(3211, 441, 234)
(3212, 441, 243)
(3213, 441, 252)
(3214, 441, 261)
(3215, 441, 270)
(3216, 441, 279)
(3217, 441, 288)
(3218, 441, 297)
(3219, 441, 306)
(3220, 441, 315)
(3221, 441, 324)
(3222, 441, 333)
(3223, 441, 342)
(3224, 441, 351)
(3225, 441, 360)
(3226, 441, 369)
(3227, 441, 378)
(3228, 441, 387)
(3229, 441, 396)
(3230, 441, 405)
(3231, 441, 414)
(3232, 441, 423)
(3233, 441, 432)
(3234, 441, 441)
(3235, 441, 450)
(3236, 441, 459)
(3237, 441, 468)
(3238, 441, 477)
(3239, 441, 486)
(3240, 441, 495)
(3241, 441, 504)
(3242, 441, 513)
(3243, 441, 522)
(3244, 441, 531)
(3245, 441, 540)
(3246, 441, 549)
(3247, 441, 558)
(3248, 441, 567)
(3249, 441, 576)
(3250, 450, 0)
(3251, 450, 9)
(3252, 450, 18)
(3253, 450, 27)
(3254, 450, 36)
(3255, 450, 45)
(3256, 450, 54)
(3257, 450, 63)
(3258, 450, 72)
(3259, 450, 81)
(3260, 450, 90)
(3261, 450, 99)
(3262, 450, 108)
(3263, 450, 117)
(3264, 450, 126)
(3265, 450, 135)
(3266, 450, 144)
(3267, 450, 153)
(3268, 450, 162)
(3269, 450, 171)
(3270, 450, 180)
(3271, 450, 189)
(3272, 450, 198)
(3273, 450, 207)
(3274, 450, 216)
(3275, 450, 225)
(3276, 450, 234)
(3277, 450, 243)
(3278, 450, 252)
(3279, 450, 261)
(3280, 450, 270)
(3281, 450, 279)
(3282, 450, 288)
(3283, 450, 297)
(3284, 450, 306)
(3285, 450, 315)
(3286, 450, 324)
(3287, 450, 333)
(3288, 450, 342)
(3289, 450, 351)
(3290, 450, 360)
(3291, 450, 369)
(3292, 450, 378)
(3293, 450, 387)
(3294, 450, 396)
(3295, 450, 405)
(3296, 450, 414)
(3297, 450, 423)
(3298, 450, 432)
(3299, 450, 441)
(3300, 450, 450)
(3301, 450, 459)
(3302, 450, 468)
(3303, 450, 477)
(3304, 450, 486)
(3305, 450, 495)
(3306, 450, 504)
(3307, 450, 513)
(3308, 450, 522)
(3309, 450, 531)
(3310, 450, 540)
(3311, 450, 549)
(3312, 450, 558)
(3313, 450, 567)
(3314, 450, 576)
(3315, 459, 0)
(3316, 459, 9)
(3317, 459, 18)
(3318, 459, 27)
(3319, 459, 36)
(3320, 459, 45)
(3321, 459, 54)
(3322, 459, 63)
(3323, 459, 72)
(3324, 459, 81)
(3325, 459, 90)
(3326, 459, 99)
(3327, 459, 108)
(3328, 459, 117)
(3329, 459, 126)
(3330, 459, 135)
(3331, 459, 144)
(3332, 459, 153)
(3333, 459, 162)
(3334, 459, 171)
(3335, 459, 180)
(3336, 459, 189)
(3337, 459, 198)
(3338, 459, 207)
(3339, 459, 216)
(3340, 459, 225)
(3341, 459, 234)
(3342, 459, 243)
(3343, 459, 252)
(3344, 459, 261)
(3345, 459, 270)
(3346, 459, 279)
(3347, 459, 288)
(3348, 459, 297)
(3349, 459, 306)
(3350, 459, 315)
(3351, 459, 324)
(3352, 459, 333)
(3353, 459, 342)
(3354, 459, 351)
(3355, 459, 360)
(3356, 459, 369)
(3357, 459, 378)
(3358, 459, 387)
(3359, 459, 396)
(3360, 459, 405)
(3361, 459, 414)
(3362, 459, 423)
(3363, 459, 432)
(3364, 459, 441)
(3365, 459, 450)
(3366, 459, 459)
(3367, 459, 468)
(3368, 459, 477)
(3369, 459, 486)
(3370, 459, 495)
(3371, 459, 504)
(3372, 459, 513)
(3373, 459, 522)
(3374, 459, 531)
(3375, 459, 540)
(3376, 459, 549)
(3377, 459, 558)
(3378, 459, 567)
(3379, 459, 576)
(3380, 468, 0)
(3381, 468, 9)
(3382, 468, 18)
(3383, 468, 27)
(3384, 468, 36)
(3385, 468, 45)
(3386, 468, 54)
(3387, 468, 63)
(3388, 468, 72)
(3389, 468, 81)
(3390, 468, 90)
(3391, 468, 99)
(3392, 468, 108)
(3393, 468, 117)
(3394, 468, 126)
(3395, 468, 135)
(3396, 468, 144)
(3397, 468, 153)
(3398, 468, 162)
(3399, 468, 171)
(3400, 468, 180)
(3401, 468, 189)
(3402, 468, 198)
(3403, 468, 207)
(3404, 468, 216)
(3405, 468, 225)
(3406, 468, 234)
(3407, 468, 243)
(3408, 468, 252)
(3409, 468, 261)
(3410, 468, 270)
(3411, 468, 279)
(3412, 468, 288)
(3413, 468, 297)
(3414, 468, 306)
(3415, 468, 315)
(3416, 468, 324)
(3417, 468, 333)
(3418, 468, 342)
(3419, 468, 351)
(3420, 468, 360)
(3421, 468, 369)
(3422, 468, 378)
(3423, 468, 387)
(3424, 468, 396)
(3425, 468, 405)
(3426, 468, 414)
(3427, 468, 423)
(3428, 468, 432)
(3429, 468, 441)
(3430, 468, 450)
(3431, 468, 459)
(3432, 468, 468)
(3433, 468, 477)
(3434, 468, 486)
(3435, 468, 495)
(3436, 468, 504)
(3437, 468, 513)
(3438, 468, 522)
(3439, 468, 531)
(3440, 468, 540)
(3441, 468, 549)
(3442, 468, 558)
(3443, 468, 567)
(3444, 468, 576)
(3445, 477, 0)
(3446, 477, 9)
(3447, 477, 18)
(3448, 477, 27)
(3449, 477, 36)
(3450, 477, 45)
(3451, 477, 54)
(3452, 477, 63)
(3453, 477, 72)
(3454, 477, 81)
(3455, 477, 90)
(3456, 477, 99)
(3457, 477, 108)
(3458, 477, 117)
(3459, 477, 126)
(3460, 477, 135)
(3461, 477, 144)
(3462, 477, 153)
(3463, 477, 162)
(3464, 477, 171)
(3465, 477, 180)
(3466, 477, 189)
(3467, 477, 198)
(3468, 477, 207)
(3469, 477, 216)
(3470, 477, 225)
(3471, 477, 234)
(3472, 477, 243)
(3473, 477, 252)
(3474, 477, 261)
(3475, 477, 270)
(3476, 477, 279)
(3477, 477, 288)
(3478, 477, 297)
(3479, 477, 306)
(3480, 477, 315)
(3481, 477, 324)
(3482, 477, 333)
(3483, 477, 342)
(3484, 477, 351)
(3485, 477, 360)
(3486, 477, 369)
(3487, 477, 378)
(3488, 477, 387)
(3489, 477, 396)
(3490, 477, 405)
(3491, 477, 414)
(3492, 477, 423)
(3493, 477, 432)
(3494, 477, 441)
(3495, 477, 450)
(3496, 477, 459)
(3497, 477, 468)
(3498, 477, 477)
(3499, 477, 486)
(3500, 477, 495)
(3501, 477, 504)
(3502, 477, 513)
(3503, 477, 522)
(3504, 477, 531)
(3505, 477, 540)
(3506, 477, 549)
(3507, 477, 558)
(3508, 477, 567)
(3509, 477, 576)
(3510, 486, 0)
(3511, 486, 9)
(3512, 486, 18)
(3513, 486, 27)
(3514, 486, 36)
(3515, 486, 45)
(3516, 486, 54)
(3517, 486, 63)
(3518, 486, 72)
(3519, 486, 81)
(3520, 486, 90)
(3521, 486, 99)
(3522, 486, 108)
(3523, 486, 117)
(3524, 486, 126)
(3525, 486, 135)
(3526, 486, 144)
(3527, 486, 153)
(3528, 486, 162)
(3529, 486, 171)
(3530, 486, 180)
(3531, 486, 189)
(3532, 486, 198)
(3533, 486, 207)
(3534, 486, 216)
(3535, 486, 225)
(3536, 486, 234)
(3537, 486, 243)
(3538, 486, 252)
(3539, 486, 261)
(3540, 486, 270)
(3541, 486, 279)
(3542, 486, 288)
(3543, 486, 297)
(3544, 486, 306)
(3545, 486, 315)
(3546, 486, 324)
(3547, 486, 333)
(3548, 486, 342)
(3549, 486, 351)
(3550, 486, 360)
(3551, 486, 369)
(3552, 486, 378)
(3553, 486, 387)
(3554, 486, 396)
(3555, 486, 405)
(3556, 486, 414)
(3557, 486, 423)
(3558, 486, 432)
(3559, 486, 441)
(3560, 486, 450)
(3561, 486, 459)
(3562, 486, 468)
(3563, 486, 477)
(3564, 486, 486)
(3565, 486, 495)
(3566, 486, 504)
(3567, 486, 513)
(3568, 486, 522)
(3569, 486, 531)
(3570, 486, 540)
(3571, 486, 549)
(3572, 486, 558)
(3573, 486, 567)
(3574, 486, 576)
(3575, 495, 0)
(3576, 495, 9)
(3577, 495, 18)
(3578, 495, 27)
(3579, 495, 36)
(3580, 495, 45)
(3581, 495, 54)
(3582, 495, 63)
(3583, 495, 72)
(3584, 495, 81)
(3585, 495, 90)
(3586, 495, 99)
(3587, 495, 108)
(3588, 495, 117)
(3589, 495, 126)
(3590, 495, 135)
(3591, 495, 144)
(3592, 495, 153)
(3593, 495, 162)
(3594, 495, 171)
(3595, 495, 180)
(3596, 495, 189)
(3597, 495, 198)
(3598, 495, 207)
(3599, 495, 216)
(3600, 495, 225)
(3601, 495, 234)
(3602, 495, 243)
(3603, 495, 252)
(3604, 495, 261)
(3605, 495, 270)
(3606, 495, 279)
(3607, 495, 288)
(3608, 495, 297)
(3609, 495, 306)
(3610, 495, 315)
(3611, 495, 324)
(3612, 495, 333)
(3613, 495, 342)
(3614, 495, 351)
(3615, 495, 360)
(3616, 495, 369)
(3617, 495, 378)
(3618, 495, 387)
(3619, 495, 396)
(3620, 495, 405)
(3621, 495, 414)
(3622, 495, 423)
(3623, 495, 432)
(3624, 495, 441)
(3625, 495, 450)
(3626, 495, 459)
(3627, 495, 468)
(3628, 495, 477)
(3629, 495, 486)
(3630, 495, 495)
(3631, 495, 504)
(3632, 495, 513)
(3633, 495, 522)
(3634, 495, 531)
(3635, 495, 540)
(3636, 495, 549)
(3637, 495, 558)
(3638, 495, 567)
(3639, 495, 576)
(3640, 504, 0)
(3641, 504, 9)
(3642, 504, 18)
(3643, 504, 27)
(3644, 504, 36)
(3645, 504, 45)
(3646, 504, 54)
(3647, 504, 63)
(3648, 504, 72)
(3649, 504, 81)
(3650, 504, 90)
(3651, 504, 99)
(3652, 504, 108)
(3653, 504, 117)
(3654, 504, 126)
(3655, 504, 135)
(3656, 504, 144)
(3657, 504, 153)
(3658, 504, 162)
(3659, 504, 171)
(3660, 504, 180)
(3661, 504, 189)
(3662, 504, 198)
(3663, 504, 207)
(3664, 504, 216)
(3665, 504, 225)
(3666, 504, 234)
(3667, 504, 243)
(3668, 504, 252)
(3669, 504, 261)
(3670, 504, 270)
(3671, 504, 279)
(3672, 504, 288)
(3673, 504, 297)
(3674, 504, 306)
(3675, 504, 315)
(3676, 504, 324)
(3677, 504, 333)
(3678, 504, 342)
(3679, 504, 351)
(3680, 504, 360)
(3681, 504, 369)
(3682, 504, 378)
(3683, 504, 387)
(3684, 504, 396)
(3685, 504, 405)
(3686, 504, 414)
(3687, 504, 423)
(3688, 504, 432)
(3689, 504, 441)
(3690, 504, 450)
(3691, 504, 459)
(3692, 504, 468)
(3693, 504, 477)
(3694, 504, 486)
(3695, 504, 495)
(3696, 504, 504)
(3697, 504, 513)
(3698, 504, 522)
(3699, 504, 531)
(3700, 504, 540)
(3701, 504, 549)
(3702, 504, 558)
(3703, 504, 567)
(3704, 504, 576)
(3705, 513, 0)
(3706, 513, 9)
(3707, 513, 18)
(3708, 513, 27)
(3709, 513, 36)
(3710, 513, 45)
(3711, 513, 54)
(3712, 513, 63)
(3713, 513, 72)
(3714, 513, 81)
(3715, 513, 90)
(3716, 513, 99)
(3717, 513, 108)
(3718, 513, 117)
(3719, 513, 126)
(3720, 513, 135)
(3721, 513, 144)
(3722, 513, 153)
(3723, 513, 162)
(3724, 513, 171)
(3725, 513, 180)
(3726, 513, 189)
(3727, 513, 198)
(3728, 513, 207)
(3729, 513, 216)
(3730, 513, 225)
(3731, 513, 234)
(3732, 513, 243)
(3733, 513, 252)
(3734, 513, 261)
(3735, 513, 270)
(3736, 513, 279)
(3737, 513, 288)
(3738, 513, 297)
(3739, 513, 306)
(3740, 513, 315)
(3741, 513, 324)
(3742, 513, 333)
(3743, 513, 342)
(3744, 513, 351)
(3745, 513, 360)
(3746, 513, 369)
(3747, 513, 378)
(3748, 513, 387)
(3749, 513, 396)
(3750, 513, 405)
(3751, 513, 414)
(3752, 513, 423)
(3753, 513, 432)
(3754, 513, 441)
(3755, 513, 450)
(3756, 513, 459)
(3757, 513, 468)
(3758, 513, 477)
(3759, 513, 486)
(3760, 513, 495)
(3761, 513, 504)
(3762, 513, 513)
(3763, 513, 522)
(3764, 513, 531)
(3765, 513, 540)
(3766, 513, 549)
(3767, 513, 558)
(3768, 513, 567)
(3769, 513, 576)
(3770, 522, 0)
(3771, 522, 9)
(3772, 522, 18)
(3773, 522, 27)
(3774, 522, 36)
(3775, 522, 45)
(3776, 522, 54)
(3777, 522, 63)
(3778, 522, 72)
(3779, 522, 81)
(3780, 522, 90)
(3781, 522, 99)
(3782, 522, 108)
(3783, 522, 117)
(3784, 522, 126)
(3785, 522, 135)
(3786, 522, 144)
(3787, 522, 153)
(3788, 522, 162)
(3789, 522, 171)
(3790, 522, 180)
(3791, 522, 189)
(3792, 522, 198)
(3793, 522, 207)
(3794, 522, 216)
(3795, 522, 225)
(3796, 522, 234)
(3797, 522, 243)
(3798, 522, 252)
(3799, 522, 261)
(3800, 522, 270)
(3801, 522, 279)
(3802, 522, 288)
(3803, 522, 297)
(3804, 522, 306)
(3805, 522, 315)
(3806, 522, 324)
(3807, 522, 333)
(3808, 522, 342)
(3809, 522, 351)
(3810, 522, 360)
(3811, 522, 369)
(3812, 522, 378)
(3813, 522, 387)
(3814, 522, 396)
(3815, 522, 405)
(3816, 522, 414)
(3817, 522, 423)
(3818, 522, 432)
(3819, 522, 441)
(3820, 522, 450)
(3821, 522, 459)
(3822, 522, 468)
(3823, 522, 477)
(3824, 522, 486)
(3825, 522, 495)
(3826, 522, 504)
(3827, 522, 513)
(3828, 522, 522)
(3829, 522, 531)
(3830, 522, 540)
(3831, 522, 549)
(3832, 522, 558)
(3833, 522, 567)
(3834, 522, 576)
(3835, 531, 0)
(3836, 531, 9)
(3837, 531, 18)
(3838, 531, 27)
(3839, 531, 36)
(3840, 531, 45)
(3841, 531, 54)
(3842, 531, 63)
(3843, 531, 72)
(3844, 531, 81)
(3845, 531, 90)
(3846, 531, 99)
(3847, 531, 108)
(3848, 531, 117)
(3849, 531, 126)
(3850, 531, 135)
(3851, 531, 144)
(3852, 531, 153)
(3853, 531, 162)
(3854, 531, 171)
(3855, 531, 180)
(3856, 531, 189)
(3857, 531, 198)
(3858, 531, 207)
(3859, 531, 216)
(3860, 531, 225)
(3861, 531, 234)
(3862, 531, 243)
(3863, 531, 252)
(3864, 531, 261)
(3865, 531, 270)
(3866, 531, 279)
(3867, 531, 288)
(3868, 531, 297)
(3869, 531, 306)
(3870, 531, 315)
(3871, 531, 324)
(3872, 531, 333)
(3873, 531, 342)
(3874, 531, 351)
(3875, 531, 360)
(3876, 531, 369)
(3877, 531, 378)
(3878, 531, 387)
(3879, 531, 396)
(3880, 531, 405)
(3881, 531, 414)
(3882, 531, 423)
(3883, 531, 432)
(3884, 531, 441)
(3885, 531, 450)
(3886, 531, 459)
(3887, 531, 468)
(3888, 531, 477)
(3889, 531, 486)
(3890, 531, 495)
(3891, 531, 504)
(3892, 531, 513)
(3893, 531, 522)
(3894, 531, 531)
(3895, 531, 540)
(3896, 531, 549)
(3897, 531, 558)
(3898, 531, 567)
(3899, 531, 576)
(3900, 540, 0)
(3901, 540, 9)
(3902, 540, 18)
(3903, 540, 27)
(3904, 540, 36)
(3905, 540, 45)
(3906, 540, 54)
(3907, 540, 63)
(3908, 540, 72)
(3909, 540, 81)
(3910, 540, 90)
(3911, 540, 99)
(3912, 540, 108)
(3913, 540, 117)
(3914, 540, 126)
(3915, 540, 135)
(3916, 540, 144)
(3917, 540, 153)
(3918, 540, 162)
(3919, 540, 171)
(3920, 540, 180)
(3921, 540, 189)
(3922, 540, 198)
(3923, 540, 207)
(3924, 540, 216)
(3925, 540, 225)
(3926, 540, 234)
(3927, 540, 243)
(3928, 540, 252)
(3929, 540, 261)
(3930, 540, 270)
(3931, 540, 279)
(3932, 540, 288)
(3933, 540, 297)
(3934, 540, 306)
(3935, 540, 315)
(3936, 540, 324)
(3937, 540, 333)
(3938, 540, 342)
(3939, 540, 351)
(3940, 540, 360)
(3941, 540, 369)
(3942, 540, 378)
(3943, 540, 387)
(3944, 540, 396)
(3945, 540, 405)
(3946, 540, 414)
(3947, 540, 423)
(3948, 540, 432)
(3949, 540, 441)
(3950, 540, 450)
(3951, 540, 459)
(3952, 540, 468)
(3953, 540, 477)
(3954, 540, 486)
(3955, 540, 495)
(3956, 540, 504)
(3957, 540, 513)
(3958, 540, 522)
(3959, 540, 531)
(3960, 540, 540)
(3961, 540, 549)
(3962, 540, 558)
(3963, 540, 567)
(3964, 540, 576)
(3965, 549, 0)
(3966, 549, 9)
(3967, 549, 18)
(3968, 549, 27)
(3969, 549, 36)
(3970, 549, 45)
(3971, 549, 54)
(3972, 549, 63)
(3973, 549, 72)
(3974, 549, 81)
(3975, 549, 90)
(3976, 549, 99)
(3977, 549, 108)
(3978, 549, 117)
(3979, 549, 126)
(3980, 549, 135)
(3981, 549, 144)
(3982, 549, 153)
(3983, 549, 162)
(3984, 549, 171)
(3985, 549, 180)
(3986, 549, 189)
(3987, 549, 198)
(3988, 549, 207)
(3989, 549, 216)
(3990, 549, 225)
(3991, 549, 234)
(3992, 549, 243)
(3993, 549, 252)
(3994, 549, 261)
(3995, 549, 270)
(3996, 549, 279)
(3997, 549, 288)
(3998, 549, 297)
(3999, 549, 306)
(4000, 549, 315)
(4001, 549, 324)
(4002, 549, 333)
(4003, 549, 342)
(4004, 549, 351)
(4005, 549, 360)
(4006, 549, 369)
(4007, 549, 378)
(4008, 549, 387)
(4009, 549, 396)
(4010, 549, 405)
(4011, 549, 414)
(4012, 549, 423)
(4013, 549, 432)
(4014, 549, 441)
(4015, 549, 450)
(4016, 549, 459)
(4017, 549, 468)
(4018, 549, 477)
(4019, 549, 486)
(4020, 549, 495)
(4021, 549, 504)
(4022, 549, 513)
(4023, 549, 522)
(4024, 549, 531)
(4025, 549, 540)
(4026, 549, 549)
(4027, 549, 558)
(4028, 549, 567)
(4029, 549, 576)
(4030, 558, 0)
(4031, 558, 9)
(4032, 558, 18)
(4033, 558, 27)
(4034, 558, 36)
(4035, 558, 45)
(4036, 558, 54)
(4037, 558, 63)
(4038, 558, 72)
(4039, 558, 81)
(4040, 558, 90)
(4041, 558, 99)
(4042, 558, 108)
(4043, 558, 117)
(4044, 558, 126)
(4045, 558, 135)
(4046, 558, 144)
(4047, 558, 153)
(4048, 558, 162)
(4049, 558, 171)
(4050, 558, 180)
(4051, 558, 189)
(4052, 558, 198)
(4053, 558, 207)
(4054, 558, 216)
(4055, 558, 225)
(4056, 558, 234)
(4057, 558, 243)
(4058, 558, 252)
(4059, 558, 261)
(4060, 558, 270)
(4061, 558, 279)
(4062, 558, 288)
(4063, 558, 297)
(4064, 558, 306)
(4065, 558, 315)
(4066, 558, 324)
(4067, 558, 333)
(4068, 558, 342)
(4069, 558, 351)
(4070, 558, 360)
(4071, 558, 369)
(4072, 558, 378)
(4073, 558, 387)
(4074, 558, 396)
(4075, 558, 405)
(4076, 558, 414)
(4077, 558, 423)
(4078, 558, 432)
(4079, 558, 441)
(4080, 558, 450)
(4081, 558, 459)
(4082, 558, 468)
(4083, 558, 477)
(4084, 558, 486)
(4085, 558, 495)
(4086, 558, 504)
(4087, 558, 513)
(4088, 558, 522)
(4089, 558, 531)
(4090, 558, 540)
(4091, 558, 549)
(4092, 558, 558)
(4093, 558, 567)
(4094, 558, 576)
(4095, 567, 0)
(4096, 567, 9)
(4097, 567, 18)
(4098, 567, 27)
(4099, 567, 36)
(4100, 567, 45)
(4101, 567, 54)
(4102, 567, 63)
(4103, 567, 72)
(4104, 567, 81)
(4105, 567, 90)
(4106, 567, 99)
(4107, 567, 108)
(4108, 567, 117)
(4109, 567, 126)
(4110, 567, 135)
(4111, 567, 144)
(4112, 567, 153)
(4113, 567, 162)
(4114, 567, 171)
(4115, 567, 180)
(4116, 567, 189)
(4117, 567, 198)
(4118, 567, 207)
(4119, 567, 216)
(4120, 567, 225)
(4121, 567, 234)
(4122, 567, 243)
(4123, 567, 252)
(4124, 567, 261)
(4125, 567, 270)
(4126, 567, 279)
(4127, 567, 288)
(4128, 567, 297)
(4129, 567, 306)
(4130, 567, 315)
(4131, 567, 324)
(4132, 567, 333)
(4133, 567, 342)
(4134, 567, 351)
(4135, 567, 360)
(4136, 567, 369)
(4137, 567, 378)
(4138, 567, 387)
(4139, 567, 396)
(4140, 567, 405)
(4141, 567, 414)
(4142, 567, 423)
(4143, 567, 432)
(4144, 567, 441)
(4145, 567, 450)
(4146, 567, 459)
(4147, 567, 468)
(4148, 567, 477)
(4149, 567, 486)
(4150, 567, 495)
(4151, 567, 504)
(4152, 567, 513)
(4153, 567, 522)
(4154, 567, 531)
(4155, 567, 540)
(4156, 567, 549)
(4157, 567, 558)
(4158, 567, 567)
(4159, 567, 576)
(4160, 576, 0)
(4161, 576, 9)
(4162, 576, 18)
(4163, 576, 27)
(4164, 576, 36)
(4165, 576, 45)
(4166, 576, 54)
(4167, 576, 63)
(4168, 576, 72)
(4169, 576, 81)
(4170, 576, 90)
(4171, 576, 99)
(4172, 576, 108)
(4173, 576, 117)
(4174, 576, 126)
(4175, 576, 135)
(4176, 576, 144)
(4177, 576, 153)
(4178, 576, 162)
(4179, 576, 171)
(4180, 576, 180)
(4181, 576, 189)
(4182, 576, 198)
(4183, 576, 207)
(4184, 576, 216)
(4185, 576, 225)
(4186, 576, 234)
(4187, 576, 243)
(4188, 576, 252)
(4189, 576, 261)
(4190, 576, 270)
(4191, 576, 279)
(4192, 576, 288)
(4193, 576, 297)
(4194, 576, 306)
(4195, 576, 315)
(4196, 576, 324)
(4197, 576, 333)
(4198, 576, 342)
(4199, 576, 351)
(4200, 576, 360)
(4201, 576, 369)
(4202, 576, 378)
(4203, 576, 387)
(4204, 576, 396)
(4205, 576, 405)
(4206, 576, 414)
(4207, 576, 423)
(4208, 576, 432)
(4209, 576, 441)
(4210, 576, 450)
(4211, 576, 459)
(4212, 576, 468)
(4213, 576, 477)
(4214, 576, 486)
(4215, 576, 495)
(4216, 576, 504)
(4217, 576, 513)
(4218, 576, 522)
(4219, 576, 531)
(4220, 576, 540)
(4221, 576, 549)
(4222, 576, 558)
(4223, 576, 567)
(4224, 576, 576)
